-------------------------------------------------------------------------------------------------------------------------------------------------------- Samples: 0->-1 --------------------------------------------------------------------------------------------------------------------------------------------------------
0:     -10.254   7.742   0.522  12.876   8.507  -0.326   5.709   3.374   5.211   4.538   5.005   4.494  -0.030  -0.826  -1.057  -0.860  -0.449  -0.310   0.547   0.212  -1.110   0.334  -0.506  -0.346   0.178  -0.003   0.095  -0.009  -0.110   0.039  -0.183  -0.204  -0.356   0.114   0.110   0.228   0.132  -0.029   0.000
1:     -12.366   5.411  -1.411  10.524   7.572   0.378   5.365   1.164   8.684   4.658   6.392   5.357  -0.040  -0.666  -1.180  -1.354  -0.393  -0.790  -0.015  -0.677  -1.074   0.267  -0.313  -0.360   0.121  -0.002   0.254   0.235   0.069   0.023  -0.167  -0.170  -0.318   0.316   0.058   0.294   0.249  -0.068   0.001
2:     -13.326   3.624  -2.812  11.809   7.426   2.057   6.941  -1.068   5.144   1.946   2.581   4.954  -0.042  -0.433  -1.038  -1.165  -0.282  -0.983  -0.191  -1.125  -0.557   0.918   0.537   0.323   0.062  -0.001   0.374   0.538   0.317  -0.067   0.029  -0.064  -0.072   0.620   0.049   0.190   0.342   0.068   0.002
3:     -12.048   3.900  -4.583  11.446   5.096  -1.594   1.707   0.226   6.579   4.270   4.417   4.868  -0.037   0.249   0.107  -0.365  -0.416  -0.806   0.066  -0.711   0.192   0.335   0.441   0.567  -0.102   0.002   0.310   0.672   0.551  -0.049   0.441   0.157   0.382   0.720  -0.156  -0.077   0.224   0.206   0.002
4:     -12.577   3.307  -3.716  11.004   4.828  -0.297   1.911   1.058  10.852   7.418   7.607   5.046  -0.038   0.588   0.990   0.228  -0.771  -0.158   0.184  -0.129   1.355   0.544   0.065   0.899   0.631   0.003   0.191   0.542   0.459   0.102   0.673   0.003   0.547   0.553  -0.498  -0.324  -0.084   0.166   0.001
5:     -11.496   6.105  -2.784   8.845   4.842   1.884   4.324   1.061   7.502   4.128   6.712   4.799  -0.034   0.376   1.167   0.703  -0.391   1.001   0.582   0.737   1.570  -0.327  -0.464   0.474   0.865   0.004  -0.019   0.069   0.161   0.421   0.626  -0.257   0.473   0.118  -0.448  -0.125  -0.263   0.029  -0.001
6:     -10.662   7.473  -2.572   9.254   6.764   1.239   4.987   5.290   7.400   2.341   5.927   8.141  -0.028   0.456   1.142   0.597   0.217   1.477  -0.436   0.885   1.518  -1.241  -0.632  -0.049   0.406   0.002  -0.111  -0.319  -0.091   0.526   0.190  -0.207   0.267  -0.374  -0.358   0.225  -0.247  -0.193  -0.002
7:     -11.123   7.652  -1.639  10.364   9.135   0.547   3.854   5.960   6.672   4.490   7.629   7.645  -0.024   0.222   0.374   0.254   1.194   1.508  -0.906   1.146   0.700  -1.011   0.162  -0.276   0.157  -0.001  -0.100  -0.436  -0.223   0.334  -0.259   0.174   0.062  -0.528   0.011   0.345  -0.088  -0.110  -0.003
8:     -10.480   8.243  -1.301  11.330  10.064  -1.810   6.573   6.200   5.062   4.076   6.904   5.652  -0.032   0.112  -0.211  -0.001   1.066   0.538  -0.105   1.000  -0.078  -0.907   0.875   0.038   0.020  -0.004  -0.202  -0.369  -0.092   0.079  -0.411   0.604  -0.123  -0.437   0.440   0.171   0.057   0.080  -0.001
9:     -10.477   7.590  -2.149  13.779  10.735  -1.124   9.263   4.105   3.616   4.072   4.844   6.827  -0.039   0.047  -0.336  -0.113   0.853   0.177   1.286   0.989  -0.270  -0.440   0.509  -0.009   0.510  -0.006  -0.186  -0.070   0.090  -0.237  -0.357   0.371  -0.321  -0.248   0.444  -0.192   0.187  -0.002   0.001
10:    -10.425   6.451  -2.323  12.874   8.653   1.548   7.282   5.828   4.396   6.925   7.511   8.650  -0.043  -0.464  -0.346   0.319   0.783   0.088   1.488   0.349  -0.182   0.674   0.050   0.101   0.630  -0.002  -0.097   0.132   0.132  -0.319  -0.141  -0.301  -0.357  -0.248   0.276  -0.367   0.145  -0.136   0.002
11:    -10.918   6.867  -1.690  13.858  10.724   5.299   8.443   4.796   4.803   5.613   7.283   8.697  -0.049  -0.422   0.091   0.545   0.149  -0.050   0.151  -0.135  -0.489   0.419  -0.384   0.630  -0.160   0.001   0.060   0.119   0.064  -0.501  -0.175  -0.673  -0.345  -0.165   0.028  -0.143   0.068  -0.217   0.002
12:    -12.579   6.875   0.063  15.207  10.509   2.416   8.730   4.945   7.839   3.557   6.188   7.866  -0.039  -0.137   0.238   0.330  -0.175  -0.052  -1.043  -0.225  -1.211   0.045  -0.513   0.446  -0.326   0.003   0.218  -0.013  -0.152  -0.593  -0.294  -0.351  -0.210  -0.036  -0.304  -0.002  -0.130  -0.018   0.000
13:    -11.509   7.833  -0.616  13.359   9.556  -0.803   7.861   2.102   3.990   3.837   8.653   6.420  -0.034   0.185  -0.035   0.200  -1.172  -0.627  -0.811  -0.451  -0.580   0.016   0.078   0.157  -0.099   0.003   0.140  -0.133  -0.273  -0.440  -0.383   0.148  -0.132   0.259  -0.263  -0.258  -0.439   0.125  -0.001
14:    -10.812   7.157  -1.209  12.246   8.979  -0.616   6.449   1.122   5.025   5.247   9.056   8.161  -0.033   0.324  -0.346  -0.267  -1.521  -1.093   0.216  -0.543  -0.314  -0.646  -0.192  -0.312   0.511  -0.001  -0.001  -0.103  -0.171  -0.167  -0.307   0.296   0.010   0.532  -0.170  -0.430  -0.286  -0.145  -0.001
15:    -10.876   6.552  -0.057   9.480   8.355   2.759   7.328   3.806   6.290   5.161   6.636   8.057  -0.036   0.049  -0.283  -0.522  -1.376  -1.446   0.262  -0.636   0.359  -0.549  -1.836  -1.185   0.048  -0.001  -0.079  -0.017  -0.110   0.184  -0.047  -0.059   0.183   0.375  -0.036  -0.330  -0.033  -0.461  -0.000
16:    -11.276   5.786  -1.550   9.544   5.646   1.713   6.283   2.523   3.461   1.938   5.636   9.605  -0.041  -0.073  -0.151  -0.166  -0.908  -1.176  -0.098  -0.080   0.978  -0.525  -1.709  -0.314  -1.123  -0.001  -0.049   0.044   0.066   0.402   0.356  -0.340   0.351   0.219   0.347   0.282   0.215  -0.534   0.001
17:    -11.030   7.104  -3.054   7.830   3.992  -0.659   4.765   3.196   2.026  -3.688   4.437   5.938  -0.037  -0.011  -0.218  -0.401  -0.558  -0.819  -0.949   0.232   0.646  -0.222  -0.815  -0.008  -1.587   0.001   0.026   0.040   0.167   0.549   0.657  -0.218   0.328  -0.070   0.477   0.916   0.262  -0.098   0.001
18:    -11.099   6.124  -0.540   8.533   5.282   0.601   7.331   6.319   4.533   1.128   8.585   3.604  -0.037   0.107  -0.159   0.002   0.080   0.373  -0.879   0.779   0.638   0.926   0.706   0.176  -1.340   0.002   0.063   0.161   0.138   0.496   0.613  -0.045  -0.045  -0.288   0.312   0.740   0.021   0.462   0.001
19:    -11.017   5.291  -2.565   7.195   4.440  -1.432   7.966   5.139   4.643   1.493   5.121   3.124  -0.033   0.089  -0.080   0.230   0.876   1.062  -0.439   0.577   0.179   1.110   1.536  -0.118  -0.334   0.003   0.054   0.290   0.254   0.356   0.449   0.186  -0.304  -0.295  -0.176   0.153   0.153   0.709   0.001
20:    -10.746   5.896  -1.783  10.262   7.287  -2.295   8.576   4.743   6.782   2.877   6.175   4.313  -0.030   0.195   0.585   0.207   0.855   0.949  -0.577  -0.478  -0.231   0.369   0.815  -0.156   0.560   0.004   0.004   0.223   0.103   0.053   0.085   0.240  -0.502  -0.394  -0.697  -0.358   0.313   0.512   0.000
21:    -10.762   6.818  -1.282  11.344   8.301  -1.406   7.026   4.878   6.450   3.120   5.052   3.913  -0.024   0.215   0.858   0.766   0.834   1.140  -0.173  -0.658  -0.397  -0.826  -0.106   0.922   1.010   0.004  -0.067  -0.007  -0.085  -0.098  -0.116   0.373  -0.275  -0.206  -0.480  -0.386   0.417   0.125  -0.001
22:    -10.254   8.285  -0.146  10.734   8.096  -2.294   5.410   5.296   5.477   4.391   7.837   6.010  -0.020   0.065   0.487   0.251   0.365   0.759   0.189  -1.112  -1.045  -1.592  -0.261   1.219   0.547   0.003  -0.141  -0.339  -0.266  -0.193  -0.245   0.511   0.090   0.106   0.097  -0.084   0.094  -0.395  -0.001
23:    -10.190   8.385   0.447  11.129   9.736  -2.295   6.258   2.879   1.164   0.205   8.900   7.326  -0.020  -0.183  -0.065  -0.215   0.631   0.578   1.043  -0.480  -0.446  -0.307   0.146   1.278   0.295   0.001  -0.090  -0.416  -0.286  -0.294  -0.441   0.378   0.320   0.419   0.608   0.201  -0.333  -0.539  -0.001
24:    -10.709   7.546  -1.394  12.194  10.363  -0.908   3.398   0.519   1.464   3.028  10.345   5.342  -0.017  -0.309  -0.646  -0.634  -0.008   0.005   1.372  -0.117   0.323   0.597   0.270   0.137  -1.057  -0.001   0.026  -0.155   0.065  -0.286  -0.463  -0.001   0.463   0.556   0.572   0.191  -0.374  -0.103  -0.001
25:    -11.451   6.863  -1.733  13.767  10.058   3.116   5.630   5.039   6.920   4.530  10.187   5.724  -0.020  -0.047  -0.657  -0.221  -0.450  -0.690   1.124   0.445   1.013   1.119   0.636  -0.200  -0.882  -0.002   0.143   0.166   0.275  -0.217  -0.299  -0.471   0.308   0.211   0.041   0.124  -0.239   0.237   0.002
26:    -11.168   5.814  -2.224   9.378   7.958   1.860   5.139   5.832   5.585   3.579   7.877   1.527  -0.024   0.125   0.006   0.577  -0.525  -0.924   0.141   0.740   1.006   0.556   0.449   0.090   0.623  -0.003   0.223   0.168   0.133   0.033  -0.190  -0.964   0.290   0.051  -0.266   0.229  -0.068   0.419   0.010
27:    -10.197   5.966  -0.246  10.288   7.487   1.944   7.615   5.286   4.697   3.108   9.132   4.822  -0.024   0.315   0.441   0.552  -0.197  -0.454  -0.697   0.632   0.266  -0.084   0.677   0.105   0.642   0.011   0.296  -0.140  -0.189   0.139  -0.109  -1.013   0.217   0.195  -0.299   0.285  -0.270   0.091   0.020
28:    -10.712   8.023   0.749  11.308   7.030   0.383   6.103   5.427   5.355   5.985  11.320   8.910  -0.029   0.623  -0.356  -0.355   0.029  -1.065  -2.536   1.241   0.950  -0.132   1.394  -0.356   0.277   0.041   0.424  -0.577  -0.360   0.064   0.060  -0.064   0.307   0.567   0.024  -0.041  -0.546  -0.197   0.027
29:    -10.104   7.963  -0.459  11.817   8.251   0.368   8.308   6.573   6.618   6.714   8.991   5.240   0.038   1.184  -1.177  -0.700  -0.034  -1.167  -2.602   1.278   2.018  -0.032   1.589  -1.330  -0.253   0.076   0.349  -0.680  -0.263  -0.166   0.246   1.216   0.235   0.679   0.375  -0.580  -0.274  -0.001   0.022
30:     -8.098   3.037  -3.893   8.760   2.250 -10.032  10.998   9.940   3.965   8.744   6.165   2.701   0.151   1.810  -2.073  -0.595  -0.289  -0.265   0.772   1.950   2.965   0.651  -0.214  -1.921   0.088   0.098   0.039  -0.326  -0.087  -0.342   0.559   2.126  -0.379  -0.062   0.559  -0.973   0.199   0.247   0.011
31:     -5.584   2.574  -1.425  11.393   4.043  -5.858  11.557  13.121   5.229   9.674   5.060   6.659   0.267   1.466  -2.102  -0.645  -0.870   0.377   3.727   1.452   2.656   1.401  -1.417  -0.480   0.729   0.092  -0.129   0.138  -0.171  -0.660   0.299   1.057  -1.410  -1.328   0.136  -1.007   0.041  -0.157   0.009
32:     -3.921   0.353  -1.742  10.077   7.809   7.355  14.228  16.979   9.304   3.434   3.680   8.640   0.349   0.678  -1.525  -0.818  -1.263   0.956   4.932  -0.742   0.321   1.945  -1.966   0.212   1.020   0.090   0.027   0.482  -0.341  -0.847  -0.164  -1.135  -2.221  -2.341  -0.786  -0.617  -0.593  -0.787   0.014
33:     -4.861  -1.206  -4.759   6.806   7.356  10.307  13.956  16.333  10.952   2.284   7.833   5.919   0.399   1.103  -0.760  -1.444  -2.849  -0.284   0.604  -4.426  -3.301  -0.001  -2.571  -2.192  -1.503   0.127   0.447   0.300  -0.314  -0.624  -0.296  -2.346  -1.798  -2.229  -1.407  -0.381  -1.138  -0.997   0.017
34:     -5.067  -2.699  -6.315   4.740   5.374   6.544   6.091   9.939  10.828   2.608   5.840   8.169   0.537   2.125  -0.336  -1.899  -3.536  -0.755  -3.341  -6.214  -5.762  -2.577  -2.724  -4.029  -2.730   0.151   0.522  -0.253  -0.151  -0.173  -0.037  -1.917  -0.211  -0.796  -1.291  -0.072  -0.639  -0.693   0.004
35:      0.503   0.301  -6.361  -0.184   3.842  -2.433  -6.505   0.138   4.460  -2.766  -6.980  -0.620   0.807   2.978  -1.196  -1.675  -2.855  -0.249  -3.865  -4.801  -5.445  -3.374  -2.945  -4.052  -2.379   0.146  -0.096  -0.736   0.131   0.502   0.458  -0.038   1.462   1.065  -0.178   0.491   0.700   0.354  -0.021
36:      4.022  -2.083 -10.438  -4.106   5.791  -2.982  -6.612  -3.733  -0.335  -7.661  -9.059  -1.742   0.897   2.351  -2.574  -1.458  -2.125   0.754  -2.420  -1.610  -2.586  -2.823  -2.142  -2.053  -2.008   0.103  -0.817  -0.524   0.442   0.694   0.547   1.197   1.738   1.985   0.894   0.921   1.209   0.753  -0.036
37:      5.485  -7.492 -11.074  -3.048   5.901  -4.253  -3.697  -4.057  -0.336  -7.305  -4.977  -1.020   0.946   0.508  -3.322  -1.011  -1.043   1.251  -0.049   0.582   0.438  -0.771  -0.405   0.321  -0.092   0.045  -1.062   0.416   0.591   0.460   0.469   1.363   1.065   1.738   1.319   1.120   0.823   0.692  -0.035
38:      4.195 -11.672 -11.249  -4.454   8.116  -4.648  -3.362  -0.894  -0.887  -5.832  -5.428  -1.670   0.980  -0.727  -1.895  -0.021  -0.970   1.229   0.737  -0.214   1.222   0.590   0.612  -0.169  -0.106   0.023  -0.669   1.255   0.528   0.216   0.165   0.725   0.267   0.654   1.099   0.900   0.004   0.412  -0.024
39:      2.959 -11.517 -11.012  -5.225   8.932  -1.844  -5.220   0.910   0.881  -5.705  -7.188  -1.115   0.991  -0.791   0.545   0.559  -1.131   1.860   1.374  -0.171   1.342   1.515   1.279  -0.877   0.129   0.009  -0.016   1.434   0.359   0.150  -0.043  -0.160   0.078  -0.156   0.554   0.787  -0.406  -0.064  -0.013
40:      1.650  -9.548 -10.574  -7.868  10.420  -0.503  -6.918  -0.106   2.007  -5.402  -8.798  -2.227   0.990  -0.343   1.767   0.398  -1.001   1.274   0.493   0.101   0.233   1.530   1.516  -1.433  -0.057  -0.001   0.367   0.831   0.072   0.381  -0.318  -0.923   0.161  -0.380   0.058   0.706  -0.202  -0.333  -0.008
41:      2.805  -5.828  -8.615  -6.996  14.049   0.546  -2.776   2.260   5.791  -1.124  -7.677  -0.096   0.986   0.236   2.018   0.575  -0.277   1.014  -0.729   0.816   0.154   1.530   3.076  -1.074  -0.437  -0.006   0.417   0.045  -0.034   0.576  -0.728  -1.483  -0.301  -0.391  -0.296   0.196   0.059  -0.556  -0.005
42:      2.558  -5.681 -10.457  -8.574  11.926  -3.376  -4.079  -0.403   4.307  -0.540 -12.350  -2.462   0.980   0.594   1.521   0.333   0.507   0.064  -2.825   0.098  -0.083   0.874   3.244  -1.079  -1.489  -0.009   0.343  -0.246   0.199   0.623  -1.008  -1.325  -0.841  -0.277  -0.426  -0.574   0.333  -0.264  -0.003
43:      3.686  -3.361  -8.195  -6.259  13.251  -4.054  -2.560   1.827   7.379   7.246 -10.783  -3.184   0.968   0.827   0.893   0.420   0.994  -1.176  -4.381  -1.677  -0.453   0.364   1.394  -0.759  -1.936  -0.011   0.166   0.021   0.553   0.485  -1.346  -0.365  -1.022  -0.473  -0.528  -1.476   0.554   0.526  -0.003
44:      4.179  -3.175  -9.118  -5.701  11.141 -12.329  -6.536  -0.304   5.582   6.632 -12.640  -8.128   0.953   1.076   1.100   1.471   1.477  -2.674  -4.306  -2.859  -0.851  -0.016  -0.512   0.074  -0.628  -0.014  -0.233   0.569   1.034   0.329  -1.023   1.181  -0.377  -0.266  -0.656  -1.473   1.024   1.125  -0.005
45:      6.128  -2.616  -7.183  -3.460   8.564 -16.885  -9.933  -0.055   6.973   2.259 -11.327  -6.943   0.944   0.823   2.336   2.769   1.662  -4.346  -1.816  -2.815  -1.826  -0.668  -2.428   1.117   1.760  -0.020  -1.089   0.773   1.013   0.339   0.129   2.369   0.716   0.223  -0.847  -0.687   1.061   0.860  -0.008
46:      6.718  -0.556  -3.607  -2.587   0.902 -18.489 -14.686  -3.715   4.430  -0.605 -11.706  -3.722   0.922  -0.570   3.645   4.328   1.820  -3.465   1.797  -1.217  -0.724  -1.892  -2.213   3.105   2.287  -0.030  -1.914   0.358   0.248   0.191   1.414   2.519   1.586   0.924  -0.639   0.273   0.690   0.050  -0.009
47:      6.530   7.010   2.894   0.496  -3.360 -10.055 -12.561  -5.600   4.614  -1.276  -5.662   3.412   0.881  -3.794   3.483   4.056   2.516  -0.134   4.412   1.082   0.601  -2.933  -1.192   3.030   0.905  -0.042  -2.072  -0.480  -0.762  -0.161   1.898   1.574   1.788   1.230  -0.127   0.978  -0.014  -0.673  -0.005
48:      1.128  10.239   7.481   1.423  -0.224  -6.756 -11.307  -1.153  -2.701  -2.665   0.053  -1.869   0.835  -6.186   2.317   2.065   2.005   2.292   5.175   3.121   2.556  -2.077   0.235   2.567   0.050  -0.047  -1.060  -0.910  -1.251  -0.660   0.833   0.008   0.946   0.377   0.584   1.008  -0.564  -0.274   0.005
49:    -10.046   9.403   7.552   7.117   8.456  -0.691  -6.211   1.669  -4.126  -2.670  -2.056  -3.345   0.778  -6.727   0.600   0.092   0.767   2.266   4.367   3.957   2.684  -1.210   1.236   1.315  -0.485  -0.036   0.914  -0.890  -0.925  -1.207  -1.229  -1.567  -0.488  -0.961   0.576   0.559  -0.517   0.138   0.018
50:    -15.926   9.833   4.391   4.129   6.452   2.705  -2.255   5.430  -1.586   1.265  -0.673  -0.091   0.740  -4.404   0.537   0.054  -0.605  -0.498   1.859   2.077   0.117   0.166   1.613   1.144   1.613  -0.006   2.472  -0.860  -0.159  -0.966  -2.433  -2.292  -1.584  -2.034   0.039  -0.113  -0.405  -0.014   0.025
51:    -18.577  10.212   4.899   2.979   4.630   7.049   2.696   4.530  -1.993   2.941   1.276   0.099   0.748  -0.114  -0.074   0.438  -2.212  -4.887  -1.765  -0.837  -2.986  -1.177   0.914   1.158   0.815   0.028   2.890  -0.933   0.360  -0.447  -2.110  -2.022  -1.670  -1.691  -0.195  -0.486  -0.246  -0.378   0.022
52:    -16.626  12.518   9.076   0.468  -0.804  -1.333  -5.376  -1.999  -2.935   2.596   4.105   4.473   0.820   2.865  -1.646   1.098  -1.336  -6.298  -3.219  -2.402  -4.780  -1.897  -0.171   0.622  -0.668   0.048   1.948  -1.039   0.392  -0.017  -0.478  -0.789  -0.477  -0.032  -0.110  -0.450  -0.266  -0.863   0.010
53:    -10.268   7.689   7.401  -2.111 -12.349  -7.497  -8.838  -9.545  -9.336   1.236   1.343  -1.552   0.876   4.088  -2.972   1.372  -1.104  -5.385  -3.203  -2.153  -3.322  -1.152  -0.300   0.348  -1.234   0.048   0.302  -0.508   0.368   0.133   1.415   0.282   0.629   1.642   0.409   0.002  -0.206  -0.448  -0.003
54:     -5.754   2.865   8.628  -0.007 -16.547  -6.117  -8.499 -11.435  -7.399   1.264   2.402  -2.605   0.914   3.234  -3.209   1.546  -1.245  -2.638  -1.368   0.347   0.126  -0.396  -0.031   0.221  -1.678   0.034  -0.820   0.361   0.091  -0.094   2.234   0.506   1.039   2.113   0.382   0.324  -0.168   0.005  -0.012
55:     -3.571   0.177  11.981  -2.305 -14.422  -6.575  -6.506  -7.363  -5.523   2.107   3.870  -2.531   0.943   1.213  -1.835   2.055  -1.590   0.357  -1.280   0.931   2.771   0.117   0.852   0.331  -0.918   0.018  -1.097   0.991  -0.420   0.124   1.934   0.296   0.731   0.936   0.007  -0.054  -0.239   0.159  -0.015
56:     -3.802   0.229  14.515  -5.659 -12.958  -8.636  -4.805  -2.459  -6.821   2.005   3.946  -3.429   0.955   0.205  -0.408   1.210  -1.563   2.003  -1.650   1.251   2.736  -0.623   0.874  -0.209  -0.801   0.003  -0.648   1.248  -1.022   0.868   1.244   0.161   0.110  -0.488   0.109  -0.559  -0.332   0.263  -0.015
57:     -5.179  -0.167  14.732  -7.237 -12.360 -12.636  -6.031  -0.178  -9.038   5.125   2.224  -5.729   0.948   0.117   0.584  -0.558  -0.325   1.964  -1.583   1.050   0.055  -1.003  -1.024  -0.634  -0.877  -0.012  -0.147   0.951  -1.478   1.551   0.642   0.479  -0.096  -1.010   0.683  -0.576  -0.175   0.144  -0.015
58:     -3.928   1.000  13.300  -5.357  -7.561 -11.339  -2.482  -1.346  -8.758   4.123   2.178  -5.013   0.928   0.543   1.823  -2.256   2.464   2.778  -0.413   0.835  -0.958   0.710  -1.888  -0.955  -0.381  -0.027  -0.059   0.400  -1.333   1.472   0.244   0.972   0.108  -0.253   1.394   0.170   0.254   0.255  -0.014
59:     -2.924   2.710   9.796  -4.082  -7.300 -13.140  -2.416  -7.643  -9.571  -4.071   1.585  -6.122   0.896   0.307   1.805  -3.602   4.151   3.180   0.498   0.658  -0.429   2.867  -0.646  -0.172  -0.408  -0.043  -0.130  -0.237  -0.644   0.444   0.003   1.740   0.705   0.874   1.285   0.794   0.497   0.598  -0.010
60:     -2.212   7.904   5.705   5.084  -1.596 -10.449  -2.436  -3.517  -3.006  -2.838  -0.510  -5.139   0.847  -0.185   0.983  -3.931   3.557   2.616   2.168   1.985   1.713   4.411   1.534   0.828   0.237  -0.051  -0.188  -0.878   0.217  -1.124  -0.474   2.053   0.818   0.974   0.030   0.231   0.465   0.755  -0.001
61:     -4.504   5.405   0.518   8.298   0.556 -10.593  -2.765  -1.239   2.422   5.378   2.707  -7.706   0.772  -0.168  -0.180  -2.941   1.350   2.061   5.826   4.002   3.091   3.569   1.233   0.959   1.805  -0.048  -0.105  -1.008   0.884  -1.856  -0.658   1.672   0.276   0.265  -1.389  -0.929  -0.237   0.704   0.010
62:     -4.064   4.568  -1.718   6.240   1.592  -1.773   7.616   4.015   7.299   7.069   5.757  -3.034   0.734  -0.158  -1.576  -1.499  -1.757   0.969   7.187   3.255   2.153   0.510  -1.672   0.805   2.288  -0.029  -0.128  -0.923   0.953  -1.335  -0.596   0.295  -0.884  -0.842  -2.206  -1.578  -0.977   0.074   0.018
63:     -2.836   3.476  -1.198   2.089   1.412  11.651  12.565   4.043   3.122  -2.860   3.245   1.852   0.714  -0.232  -1.955  -0.396  -2.473   0.715   6.348   1.404   0.675  -2.130  -3.685  -1.345   2.085  -0.003  -0.140  -0.580   0.618  -0.143  -0.639  -1.582  -1.465  -1.246  -1.579  -0.849  -1.011  -0.871   0.020
64:     -3.838   0.987  -0.931  -0.598   2.819  14.366   6.173   4.607  -0.807  -7.081   3.247   1.524   0.731  -0.795  -2.743  -0.439  -1.207   0.309   3.381  -1.136  -1.289  -3.769  -3.895  -2.906   0.467   0.015   0.174   0.038   0.278   0.634  -0.774  -2.600  -0.796  -0.959  -0.381   0.286  -0.494  -1.358   0.019
65:     -5.778  -2.581  -1.858  -0.650   3.520  13.075   4.976   1.839  -4.173  -5.973  -2.762   0.441   0.760  -0.551  -2.499  -0.381   0.357  -0.803  -0.183  -1.126  -1.420  -2.188  -1.903  -2.239  -1.640   0.033   0.698   0.524   0.013   0.460  -0.815  -2.710   0.088  -0.296   0.585   0.845   0.454  -1.151   0.014
66:     -6.569  -6.117  -3.584   1.575   2.084  14.418   5.731  -1.326  -7.901 -10.849  -5.769   0.008   0.784   0.872  -1.116  -0.114  -0.003  -2.140  -2.548   0.540  -1.595  -1.366  -1.135  -1.216  -2.638   0.046   1.018   0.655  -0.097  -0.090  -0.413  -2.054   0.656   0.453   1.028   1.023   0.839  -0.292   0.009
67:     -4.227  -5.470  -1.776   2.790  -2.237  10.711   7.157  -0.089  -4.271 -10.491  -3.441  -5.591   0.850   2.424  -0.151  -0.495  -0.778  -2.133  -4.239   1.005  -0.654  -0.407  -0.841   0.079  -2.120   0.052   0.667   0.157  -0.180  -0.297   0.206  -0.855   0.486   0.763   0.759   0.826   0.436   0.662   0.001
68:     -0.251  -3.146  -1.543  -2.333  -5.004   2.807   7.780  -2.405  -7.588 -10.498  -2.492  -8.651   0.915   2.805  -0.640  -0.869  -1.089  -1.091  -4.859   1.081   0.594   0.478   0.689   0.131  -0.754   0.051  -0.146  -0.437   0.030   0.060   0.455   0.374  -0.025   0.995   0.733   0.809  -0.071   1.004  -0.007
69:      3.185  -4.822  -5.355  -2.584  -3.599  -2.313   8.975  -0.894  -6.363 -10.354  -4.005  -5.828   0.957   1.817  -1.951  -0.905  -0.585  -0.298  -3.301   1.033   1.298   0.686   1.315  -0.733   0.729   0.037  -0.759  -0.386   0.567   0.223   0.152   1.175  -0.324   0.783   0.547   0.750  -0.280   0.685  -0.012
70:      3.752  -9.642  -6.138  -1.183  -2.687  -3.367  10.227   2.047  -4.467  -7.470  -4.832  -3.643   0.987   0.445  -2.399   0.242   0.202  -0.781  -1.150   0.401   2.406   1.752   1.831  -1.164   0.957   0.020  -0.701   0.247   0.874   0.102  -0.191   1.084  -0.460   0.347   0.341   0.427  -0.026   0.222  -0.015
71:      2.855 -11.976  -4.004  -0.710  -4.887  -2.707  11.096   4.176  -2.401  -5.429  -5.937  -4.449   0.998  -0.191  -1.204   1.785  -0.306  -1.527  -0.217  -0.275   2.357   1.694   2.338  -0.675   0.452   0.006  -0.106   0.864   0.591  -0.066  -0.173   0.168  -0.577  -0.240   0.094   0.065   0.267  -0.039  -0.013
72:      2.137 -11.565  -1.006  -2.260  -8.263  -2.744   8.723   7.088  -0.810  -3.807  -7.348  -4.555   0.994   0.302   0.220   2.155  -0.718  -1.433  -0.982  -0.567   1.799   1.680   2.312  -0.028   0.493  -0.006   0.417   1.241  -0.266   0.171   0.186  -0.547  -0.632  -0.905  -0.260  -0.450   0.214  -0.046  -0.012
73:      3.036  -9.880   1.003  -3.578  -8.446  -3.707   8.353   8.369   0.278  -0.498  -6.121  -3.112   0.985   1.356   1.061   1.091  -0.453  -0.837  -2.544  -1.366   0.399   1.194   1.402   0.035   0.765  -0.017   0.231   1.333  -0.786   0.864   0.524  -0.147  -0.597  -1.092  -0.364  -0.918  -0.022   0.016  -0.012
74:      5.172  -9.592   2.134  -3.340  -8.070  -7.776   8.763   8.944   2.595   1.622  -4.879  -1.845   0.961   1.755   2.671  -0.738   1.129  -0.195  -2.720  -2.215  -1.139   0.700   0.050  -0.449   0.568  -0.028  -0.615   1.232  -0.562   1.342   0.755   1.065  -0.327  -0.733  -0.360  -0.742   0.113  -0.033  -0.016
75:      8.119  -7.658  -0.119  -2.433  -9.167 -12.914   4.244   5.244   1.866  -1.134  -6.998  -1.979   0.930   0.237   4.235  -0.696   3.088   0.473  -0.083  -2.434  -1.632   0.366  -1.119  -0.573   0.494  -0.045  -1.523   0.660   0.102   1.205   0.974   1.979   0.325   0.023  -0.173   0.080   0.505  -0.040  -0.022
76:      8.373   0.680  -4.136   2.810  -8.876 -11.741  -0.297   2.956   1.898  -3.241  -9.155  -2.280   0.882  -2.211   4.793   0.239   4.221   1.690   3.115  -1.667  -0.851   0.295  -0.136   0.840   0.463  -0.073  -1.713  -0.527   0.537   0.480   0.888   1.527   0.928   0.543   0.028   0.906   0.814   0.086  -0.023
77:      2.620   6.159   0.657   8.786  -5.676  -2.140   0.712   3.202   2.457  -3.662  -6.850  -0.425   0.799  -4.276   3.298   1.111   4.025   3.091   4.435  -0.016   0.369   0.533   1.895   1.916   0.616  -0.103  -0.798  -1.521   0.096  -0.368   0.447  -0.094   0.943   0.559   0.210   1.193   0.773   0.207  -0.008
78:     -3.136   7.466   2.943  12.153  -1.368   2.411   2.196   5.709   3.773   2.206  -0.755  -0.307   0.661  -4.552   0.506   1.041   3.061   2.937   2.655   1.214   0.574   0.759   3.073   2.376   0.937  -0.113   0.940  -1.652  -0.735  -1.381  -0.533  -1.548   0.406  -0.075  -0.155   0.238  -0.062   0.198   0.028
79:     -7.508   5.439   1.898  13.022   2.532   2.186   2.916   5.711   3.592   5.618  -1.617   0.114   0.523  -2.585  -1.225  -0.616   1.829   2.083  -0.325   0.839   0.449   1.185   3.241   2.522   1.292  -0.065   2.550  -0.914  -1.260  -2.252  -1.284  -1.841  -0.180  -0.870  -0.718  -0.895  -0.841   0.118   0.061
80:     -9.321   3.570   0.449  15.997   1.706  -0.627   4.671   4.572   5.126   7.486   0.107   2.137   0.454   1.643  -1.207  -2.572  -1.588  -0.471  -2.245  -0.062  -1.265  -0.809   0.379   0.226   1.114   0.046   2.990  -0.042  -1.079  -2.637  -1.223  -0.895  -0.504  -1.222  -1.021  -1.408  -1.260  -0.138   0.068
81:     -7.210   1.981  -1.174  16.011   3.201  -2.244   3.669   6.013   7.704   9.902   5.328   4.814   0.577   5.375  -0.417  -3.380  -4.912  -1.623  -2.321  -0.280  -3.062  -2.271  -1.233  -1.212   1.119   0.120   1.892   0.242  -0.158  -2.063  -0.705   0.413  -0.335  -0.994  -0.852  -1.250  -1.061  -0.455   0.040
82:      4.930   3.161  -8.379   2.717  -4.057  -6.601   1.507  -0.765  -2.328   1.960  -3.099   2.915   0.862   6.419  -0.108  -2.971  -6.753  -1.323  -0.822  -0.746  -3.783  -2.616  -1.729  -2.059   0.332   0.135  -0.228  -0.037   0.981  -0.316   0.142   1.301  -0.005   0.051   0.149  -0.452   0.019  -0.529  -0.005
83:     12.240   3.560 -10.589  -4.897  -2.702  -6.433   3.099  -6.932  -4.037   2.215  -6.071   5.318   0.919   4.489  -0.564  -1.207  -5.904  -1.015   1.029  -0.496  -3.262  -2.172  -1.953  -1.641  -0.593   0.092  -1.765  -0.326   1.575   1.217   0.248   1.296   0.106   1.151   0.683  -0.199   0.748  -0.634  -0.031
84:     13.050   2.242  -9.697  -7.316  -1.958  -2.644   1.225  -7.869  -2.085   2.684  -4.488   3.546   0.957   0.947  -1.319   1.248  -2.670  -0.066   2.583   0.018  -0.908  -0.113  -1.520   0.534  -0.674   0.032  -1.960  -0.276   1.451   1.820   0.002   0.432   0.143   1.589   0.626  -0.131   0.872  -0.468  -0.034
85:     11.174  -0.382  -6.548  -8.490  -2.924   0.922   1.331  -6.746  -3.279  -0.227  -2.182   1.535   0.989  -0.714  -1.439   2.385  -0.868  -1.012   2.456  -0.134   1.257  -0.107  -2.333   1.230  -1.547   0.016  -1.181   0.064   0.766   1.508  -0.187  -0.715  -0.173   1.263   0.381   0.135   0.387  -0.292  -0.022
86:     10.199  -1.465  -4.162  -8.837  -4.278   2.639   2.482  -5.396  -3.272  -4.418  -2.375   1.436   0.990  -0.782  -1.052   2.487  -0.173  -1.313   0.622  -0.210   1.905  -0.520  -2.193   0.865  -1.533   0.005  -0.263   0.446   0.090   0.885  -0.201  -1.338  -0.478   0.601   0.177   0.626  -0.132  -0.153  -0.009
87:     10.095  -1.781  -1.433  -8.477  -6.601   3.207   1.801  -1.885  -3.976  -5.897  -0.979  -1.365   0.982  -0.552  -0.377   2.003   0.389  -1.327  -1.564  -1.249   1.645  -0.066  -0.942   0.127  -1.622  -0.002   0.068   0.545  -0.278   0.504   0.112  -1.066  -0.503  -0.016   0.274   1.052  -0.207   0.240  -0.005
88:      9.680  -2.320   0.179  -8.186  -6.687  -0.678  -0.059  -0.773  -4.338  -5.444  -0.766  -2.667   0.985  -0.448   0.378   1.887   1.126  -0.913  -2.094  -1.812   1.901   0.751   0.916   0.428  -1.402  -0.003   0.067   0.363  -0.566   0.241   0.141  -0.092  -0.325  -0.446   0.024   0.882  -0.067   0.602  -0.002
89:      8.674  -1.841   1.295  -6.871  -8.356  -5.243  -3.642  -0.833  -3.077  -4.425  -2.352  -4.522   0.980  -0.542   0.570   1.294   1.002  -0.652  -1.517  -1.848   1.179   0.625   1.374   0.411  -0.411  -0.003   0.088   0.051  -0.800   0.037   0.271   0.867   0.129  -0.782  -0.487   0.570   0.213   0.998  -0.001
90:      8.669   0.455   3.910  -4.009  -7.966  -3.609  -3.857   3.584   0.034  -0.572   0.451  -3.997   0.974  -0.453   0.287   0.014   0.724  -0.944   0.139  -1.537  -0.091  -0.747   1.059   0.389   0.873  -0.005   0.099  -0.288  -1.047  -0.105   0.355   0.778   0.176  -1.209  -0.832   0.355   0.043   0.789  -0.001
91:      7.892  -0.318   3.170  -5.556  -9.223  -2.914  -5.541   1.833  -3.035  -1.463   0.468  -2.755   0.972  -0.109  -0.078  -1.063   0.777   0.045   1.656  -0.743  -1.269  -1.751   1.836   1.211   2.229  -0.005   0.102  -0.258  -0.752   0.033   0.474   0.091   0.121  -0.989  -0.325   0.586  -0.167   0.158  -0.001
92:      7.809  -1.647  -0.691  -5.224 -10.975  -1.147  -6.793  -2.564  -8.096  -1.631  -0.231   0.813   0.965  -0.171  -0.738  -2.172   0.716   0.516   0.207  -1.483  -2.921  -2.223   2.460   0.241   1.221  -0.006   0.048   0.179   0.047   0.073   0.501  -0.656   0.249  -0.449   0.682   0.438  -0.446  -0.419   0.000
93:      8.561  -1.179  -1.718  -2.376  -6.629   1.807  -5.888  -4.105  -7.769   5.287   4.045   4.216   0.958  -0.172  -0.208  -1.372   1.171   0.988  -1.099  -1.272  -2.348  -0.260   3.606  -0.350   0.204  -0.006  -0.103   0.841   0.702  -0.109  -0.061  -0.851   0.434  -0.179   0.992  -0.544  -0.875  -0.707   0.000
94:      7.477  -2.805  -4.503  -2.021  -6.685  -4.935 -11.100  -8.053  -8.713   8.354  -0.134  -1.379   0.951  -0.183   1.249   0.405   0.891   1.087  -1.764  -0.026  -1.799   1.916   2.363  -1.062  -0.210  -0.004  -0.265   1.209   1.163   0.043  -0.498  -0.021   0.673   0.124   0.580  -1.529  -0.704  -0.298  -0.001
95:      7.200  -0.780  -1.784  -1.302  -6.429  -6.513  -9.748  -7.165  -4.028  11.572  -1.330  -0.641   0.951  -0.619   3.136   1.159   0.147  -0.548  -1.615   0.696  -2.727   1.138  -0.833  -2.513  -0.593  -0.006  -0.755   0.544   0.982   0.584  -0.480   0.968   0.245   0.168  -0.281  -1.816  -0.383  -0.212  -0.003
96:      7.576   4.397   1.366  -1.308  -5.638  -5.809  -4.993 -10.029  -0.387   7.041  -2.852   2.189   0.947  -1.273   3.637   2.379   1.442  -1.208   0.359   0.896  -2.114  -0.020  -2.968  -2.199   0.129  -0.010  -1.313  -0.659   0.407   1.072   0.021   1.652  -0.177   0.776  -0.416  -0.692   0.291  -0.279  -0.006
97:      5.416  10.901   1.140  -1.996  -9.894  -5.828  -5.460 -16.751  -6.240   1.778  -7.162  -0.536   0.931  -3.400   1.317   2.549   3.814  -0.263   2.679  -0.509  -1.349  -0.696  -2.808  -1.695  -1.024  -0.018  -1.401  -1.445  -0.118   0.844   0.669   1.519   0.010   1.712   0.437   0.955   1.319   0.004  -0.007
98:      2.006   9.540   5.930   5.536 -10.993  -3.485  -8.761 -13.828  -7.708  -1.586  -8.212  -0.789   0.909  -5.357  -1.135   1.745   4.419   1.049   4.349  -0.308   1.392   0.752  -0.109  -0.016  -1.389  -0.029  -0.509  -1.048  -0.906  -0.560   0.298   0.136   0.405   1.716   0.665   1.480   1.601   0.260  -0.002
99:     -7.013   3.233   8.681  14.345  -5.068   5.719 -10.409 -12.011  -3.849   1.848  -7.127  -4.270   0.878  -5.583  -1.703   0.885   2.878   1.668   3.985   1.349   4.080   2.936   2.515   2.991   0.187  -0.032   1.333  -0.032  -1.442  -2.011  -0.655  -1.541   0.529   0.872   0.199   0.696   1.142   0.622   0.008
100:   -12.994   2.558   6.322  12.618  -2.804  10.163  -4.060  -5.440   2.174   6.462  -2.948  -2.887   0.829  -2.724  -0.092  -1.319  -0.888  -0.681   0.385   1.992   3.752   1.490   1.770   3.464   0.823  -0.013   2.789   0.327  -1.348  -2.273  -0.892  -2.267  -0.192  -0.532  -0.450  -0.433  -0.167   0.395   0.017
101:   -14.998   5.874   5.371   8.855  -5.650   7.272  -1.067  -0.545   3.501  10.327   5.159   1.451   0.811   1.950   0.638  -3.127  -3.589  -2.673  -3.045   0.985   1.831  -0.068  -0.268   2.276   0.980   0.012   2.856  -0.208  -0.904  -1.463  -0.063  -1.542  -1.056  -1.335  -0.358  -0.715  -1.624  -0.206   0.019
102:    -7.623   7.758   0.992   3.842 -14.107  -2.334  -3.473  -0.800  -3.934   3.023   2.966   0.464   0.877   4.823  -0.672  -2.990  -3.713  -1.240  -3.473  -1.086  -0.142   0.002  -0.885  -0.491   0.191   0.035   1.406  -0.925  -0.105  -0.291   1.200   0.020  -1.368  -1.052   0.577   0.144  -1.747  -0.405   0.010
103:     0.048   3.823  -4.291   0.789 -12.782  -3.256  -5.778  -5.174  -1.135   2.225   1.294  -1.043   0.917   4.925  -2.452  -2.797  -3.025   1.632  -1.794  -2.391  -0.650   1.889   0.268  -3.150  -0.527   0.040  -0.332  -0.741   0.511   0.405   1.464   0.929  -0.926  -0.326   0.814   0.700  -0.779  -0.267  -0.001
104:     3.599   0.225  -3.797  -1.912  -5.436  -1.939  -7.136  -3.836   4.504   6.090  -3.472  -0.685   0.950   2.821  -3.172  -2.010  -2.625   3.166  -0.141  -3.158  -0.265   3.395   2.222  -2.558  -0.451   0.026  -1.170   0.112   0.530   0.395   0.458   0.763  -0.299   0.021   0.009   0.262   0.718   0.128  -0.009
105:     4.014  -2.617  -6.219  -3.395  -1.826  -1.893 -11.191  -2.276   8.726  10.133  -7.370  -0.609   0.974   1.293  -1.816  -1.063  -2.109   2.444  -0.064  -2.608   0.263   2.307   1.679  -0.588  -0.034   0.013  -0.993   0.929   0.526   0.250  -0.529   0.336   0.438   0.006  -1.155  -0.508   1.621   0.431  -0.012
106:     4.497  -4.881  -8.092  -7.192  -3.755  -3.721 -16.558  -3.574   8.110  10.177  -5.494  -2.006   0.977   0.787  -0.430  -1.209  -2.196   0.645  -0.524  -2.470  -0.496  -0.164  -0.283   1.818   0.583   0.001  -0.427   1.092   0.382   0.342  -0.912   0.150   1.328  -0.086  -1.781  -0.957   1.051   0.317  -0.009
107:     6.064  -2.702  -7.459  -7.117  -1.401  -2.686 -14.108  -3.992   8.598   8.578  -0.637  -0.555   0.969   0.977   0.823  -0.569  -1.992   0.249   0.080  -0.544  -0.505  -2.105  -1.019   2.770   1.113  -0.008  -0.124   0.571   0.292   0.537  -0.720   0.397   1.885  -0.042  -1.447  -0.648  -0.051  -0.149  -0.006
108:     6.511  -1.885  -9.221 -11.030  -2.424  -4.160 -18.031  -5.457   3.748   5.455   2.249   2.201   0.958   0.844   0.971  -0.347  -0.973  -0.297   0.538   2.451  -0.309  -3.304  -1.214   1.016   0.561  -0.010  -0.082  -0.001   0.419   0.926  -0.272   0.732   2.091   0.221  -0.523  -0.272  -0.887  -0.623  -0.001
109:     7.895  -0.000  -8.499 -11.434  -1.245  -1.273 -13.174  -3.862   0.383   7.399   2.607   2.853   0.944   0.646   0.338  -0.035  -0.035  -0.683   1.392   4.357  -0.038  -3.356  -1.095  -0.442  -0.767  -0.009  -0.176  -0.401   0.377   0.972  -0.117   0.557   1.112   0.258   0.277  -0.343  -1.005  -0.703   0.001
110:     7.803  -1.377  -9.306  -9.901  -5.315  -1.735  -4.771  -5.184  -4.304   4.696  -2.033  -0.904   0.939   0.544  -0.191   0.619   1.456  -0.248   2.481   5.535   0.377  -2.155  -1.606  -1.014  -1.592  -0.006  -0.215  -0.391   0.401   0.569   0.060   0.139  -0.496   0.264   0.764  -0.386  -0.512  -0.317   0.002
111:     8.649  -1.263  -7.593  -7.858  -3.371   3.062   1.048  -4.319  -4.155   3.484  -0.705  -2.836   0.935   0.246  -0.601   0.834   1.653  -0.359   1.895   3.474   0.441  -1.293  -2.539  -1.242  -1.326  -0.004  -0.247  -0.201   0.323   0.102   0.012  -0.470  -1.672   0.205   0.823  -0.209  -0.187   0.126   0.001
112:     8.854  -2.207  -6.578  -5.538  -2.602   6.077   2.533  -3.343  -4.758  -0.617  -1.165  -2.916   0.935  -0.029  -0.513   1.223   1.028  -0.160   0.981   0.414   0.771  -0.517  -2.423  -1.143  -0.747  -0.003  -0.228   0.027   0.193  -0.284  -0.048  -0.853  -1.892   0.046   0.645   0.351   0.084   0.364   0.001
113:     8.597  -2.591  -5.695  -5.349  -4.399   4.296   0.545  -2.577  -5.854  -2.641  -4.038  -2.771   0.928  -0.304  -0.506   1.279   0.687  -0.666  -0.208  -1.440   0.791  -0.062  -1.729  -1.312  -0.559  -0.003  -0.123   0.199   0.028  -0.310   0.178  -0.601  -0.996  -0.194   0.402   0.902   0.382   0.470   0.001
114:     7.686  -3.279  -4.140  -6.017  -5.600   2.553  -2.450  -2.199  -6.041  -4.356  -6.080  -4.669   0.926  -0.320  -0.102   1.360   0.518  -0.336  -0.734  -1.469   0.430   0.457  -0.258  -0.560  -0.157  -0.002   0.006   0.233  -0.194  -0.216   0.467  -0.200   0.002  -0.452   0.148   1.148   0.555   0.582   0.001
115:     7.712  -3.259  -2.415  -4.183  -5.201   3.783  -3.661  -0.939  -3.821  -3.293  -4.809  -4.756   0.923  -0.225   0.190   0.907   0.360   0.619  -0.254  -0.562  -0.361   0.228   0.886   0.376   0.730   0.000   0.091   0.202  -0.274  -0.268   0.620  -0.024   0.390  -0.511   0.007   1.017   0.373   0.510   0.001
116:     7.695  -2.385  -1.416  -3.531  -3.880   2.663  -2.709  -2.012  -3.492  -1.582  -3.582  -2.709   0.926  -0.037   0.303   0.439   0.110   1.533   0.002  -0.017  -0.914   0.076   2.011   0.786   1.518   0.002   0.110   0.213  -0.230  -0.163   0.200  -0.138   0.276  -0.317   0.061   0.546  -0.256   0.191   0.001
117:     7.467  -2.086  -2.522  -4.792  -2.166   2.972  -2.138  -4.474  -5.988   0.402  -3.409  -0.103   0.930   0.008   0.303   0.373  -0.448   1.501  -0.699  -0.214  -1.092   0.163   2.221  -0.120   1.151   0.002   0.113   0.590  -0.057   0.320  -0.590  -0.319   0.065   0.062   0.199   0.084  -0.762  -0.258  -0.001
118:     7.622  -2.349  -1.893  -5.161   0.547   2.971  -3.296  -5.003  -4.578   3.850  -2.849   0.593   0.931   0.114   0.904   0.478   0.105   0.225  -1.204  -0.264  -0.789   0.795   1.803  -1.590   0.589   0.001  -0.237   0.897   0.083   1.143  -1.050  -0.253  -0.012   0.328   0.228  -0.530  -0.556  -0.605  -0.002
119:     7.790  -1.763  -0.312  -5.606   0.090   0.137  -4.437  -4.902  -2.461   5.096  -5.777  -0.653   0.930   0.266   2.839   0.601   1.962  -1.677  -1.248  -0.115  -0.113   0.862   1.409  -2.247  -0.095  -0.003  -0.965   0.719   0.184   1.746  -0.612   0.261   0.057   0.269   0.075  -0.885   0.367  -0.513  -0.004
120:     8.102   1.975  -0.132  -2.599  -3.882  -1.938  -2.877  -5.741  -1.279   5.088 -10.348   0.509   0.930  -1.351   3.519   0.738   4.621  -2.130  -0.985  -0.124   0.239   0.869  -0.235  -0.930  -0.883  -0.007  -1.683  -0.030   0.315   1.396   0.240   0.638   0.238   0.284   0.075  -0.730   1.486  -0.224  -0.006
121:     8.555   9.947  -0.396   3.738  -8.334  -0.814  -2.923  -4.671  -3.328   6.828 -10.894  -0.536   0.917  -4.084   2.590   1.163   6.024  -0.380   0.498   0.001  -0.262   0.503  -1.183   1.383  -0.678  -0.013  -1.733  -1.128   0.240   0.217   0.705   0.484   0.479   0.499   0.398  -0.160   1.801  -0.122  -0.007
122:     0.484   9.391   1.837  13.273  -5.890  -1.481  -4.672  -3.924   0.198   1.808  -4.939  -3.881   0.901  -6.128   0.878   1.772   5.055   0.777   1.115   0.869   0.704   1.350  -0.552   4.027  -0.242  -0.023  -0.573  -1.551  -0.225  -1.121   0.480   0.234   0.829   0.858   0.489   0.662   0.943  -0.178  -0.008
123:    -8.822   7.480   4.519  16.578  -0.804   2.396  -3.532  -7.120  -0.686   0.823  -1.566  -1.849   0.879  -6.012  -1.479   1.286   2.831   0.395   0.121   1.784   2.147   2.610   0.766   4.278  -1.027  -0.032   1.097  -1.383  -0.987  -1.885  -0.030  -0.026   0.985   1.063   0.421   0.908  -0.301  -0.297  -0.006
124:   -13.850   7.598   6.270  16.258  -3.765   2.031   1.771  -0.998   4.152   5.331   5.123  -0.043   0.835  -3.252  -2.201  -0.449   0.614  -0.115   0.371   3.130   3.323   2.258   2.100   2.340  -1.598  -0.037   2.241  -0.984  -1.512  -2.035   0.038   0.308   0.489   0.473  -0.063   0.322  -1.253   0.084  -0.003
125:   -14.339   3.448   3.816  16.401  -7.424  -1.965   2.775   4.599   7.747   8.899   5.465  -7.591   0.789  -0.035  -2.786  -2.663  -1.179  -0.084   0.740   3.796   3.742   2.155   2.033   0.721  -1.484  -0.037   2.269  -0.361  -1.181  -1.777   0.639   1.028  -0.286  -0.459  -0.409  -0.629  -1.318   1.107   0.002
126:   -13.017   0.404  -0.054  16.430  -3.155   2.556   7.826   6.829   7.271   8.272   3.248  -9.001   0.762   2.088  -3.389  -3.814  -3.116   1.205   2.343   2.306   2.271   1.262   0.426  -0.458   0.405  -0.036   1.414   0.111  -0.176  -1.183   1.096   0.836  -1.434  -1.321  -0.312  -1.454  -1.178   1.390   0.010
127:    -9.415  -2.853  -5.634  10.595  -1.530   5.833  12.420   7.675   8.531   9.517   2.977  -4.792   0.729   2.662  -2.690  -2.938  -4.189   2.929   4.276   0.764   0.376   1.063  -1.541  -0.915   3.506  -0.021   0.543   0.628   0.879  -0.257   1.074  -0.215  -2.158  -1.709  -0.325  -1.687  -1.282   0.478   0.020
128:    -5.871  -6.197  -8.075   3.578  -0.687   9.849   8.481   8.821  10.071   7.149   4.078   0.580   0.687   2.468  -1.692  -1.191  -3.796   3.856   2.782  -2.525  -1.602   1.242  -3.383  -2.729   2.854   0.007   0.151   0.953   1.171   0.647   0.405  -1.547  -1.703  -1.453  -0.607  -1.248  -1.010  -1.134   0.027
129:    -4.602  -6.701  -6.865   1.884   5.989  15.771   6.270   5.484  11.660   1.754   0.477   5.150   0.720   2.490  -0.496   0.418  -2.124   3.958  -0.554  -4.581  -2.866   0.540  -4.499  -4.554  -0.319   0.043   0.161   0.642   0.600   0.926  -0.726  -2.097  -0.549  -0.816  -1.291  -0.536   0.073  -2.150   0.024
130:    -3.083  -6.130  -5.392   1.804  12.366  11.499  -1.724  -0.084  11.919  -4.764  -9.150   0.299   0.803   2.932   0.278   0.362  -0.913   2.718  -2.976  -3.536  -3.371  -1.511  -4.336  -3.686  -3.353   0.069   0.096   0.046  -0.033   0.721  -1.319  -0.938   1.040   0.154  -1.648   0.458   1.674  -1.261   0.010
131:     1.643  -5.365  -4.885   0.862  11.735   2.239  -5.381  -2.203  10.307  -7.019 -13.180  -6.245   0.888   3.235  -0.466  -0.715  -1.001  -0.130  -3.328  -1.474  -2.821  -4.018  -3.747  -0.072  -4.138   0.066  -0.305  -0.490  -0.247   0.399  -0.992   0.732   1.609   0.923  -1.084   1.260   2.432   0.586  -0.005
132:     5.665  -5.474  -7.255  -0.478  10.027   1.736  -3.373  -4.190   3.195 -10.145  -7.523 -10.485   0.947   2.577  -1.475  -0.787  -0.755  -0.697  -0.521   1.124  -0.857  -4.717  -1.467   3.397  -1.542   0.048  -0.788  -0.588   0.029   0.317  -0.203   1.447   0.867   1.210   0.294   1.533   1.664   1.856  -0.015
133:     7.201  -9.361  -9.510  -1.980   6.507   4.014  -0.277  -6.569  -4.069 -14.291  -0.695 -10.148   0.979   1.143  -2.068  -0.244  -0.206   0.706   1.878   1.136   0.493  -3.276   0.368   4.065   1.704   0.027  -0.970  -0.123   0.348   0.389   0.377   1.099  -0.208   0.920   1.530   1.307   0.162   1.751  -0.016
134:     7.022 -11.507  -7.015  -0.552  11.497   8.008   1.346  -2.184  -4.478  -8.464   1.593  -5.459   0.996   0.039  -1.862   0.274   0.275   1.286   1.655  -0.508   1.022  -0.411   1.273   2.567   3.008   0.013  -0.721   0.352   0.294   0.129   0.025   0.024  -0.730   0.089   1.663   0.462  -0.859   0.526  -0.012
135:     6.678 -12.691  -6.224  -0.133  14.532   8.493  -2.058  -0.743  -2.237  -6.020   2.588  -0.241   1.000  -0.348  -0.890   0.495   0.429   0.763   1.079  -1.698   0.840   1.477   1.417   1.154   2.342   0.004  -0.260   0.564   0.177  -0.276  -0.438  -0.688  -0.142  -0.433   0.876  -0.103  -1.018  -0.614  -0.008
136:     6.122 -13.119  -7.529  -0.028  12.447   7.772  -5.020  -1.992   0.224  -7.916   3.670  -0.397   0.999  -0.285  -0.304   0.314  -0.428  -0.601  -0.001  -1.107  -0.588   1.220   0.319   0.557   0.771  -0.001   0.106   0.467   0.104  -0.507  -0.411  -0.735   0.710  -0.514  -0.168  -0.168  -0.752  -0.864  -0.005
137:     5.911 -13.005  -6.779  -0.094   9.847   9.528  -5.583  -2.467   0.963  -7.481   4.035  -0.970   0.997   0.003  -0.030   0.623  -1.235  -0.537  -0.732   0.724  -0.866   0.287   0.330  -0.022  -0.246  -0.006   0.287   0.267   0.125  -0.369  -0.081  -0.431   1.114  -0.140  -0.605   0.088  -0.306  -0.444  -0.004
138:     5.981 -12.868  -5.169  -2.710  10.832   7.484  -2.425  -4.261   0.019  -6.138   3.656  -1.240   0.991   0.396   0.041   0.730  -1.428  -0.119  -1.115   1.830  -0.693  -0.659   0.976  -0.604  -0.019  -0.010   0.272   0.172   0.131   0.032  -0.020   0.213   0.717   0.434  -0.489   0.247   0.072  -0.007  -0.003
139:     6.764 -12.965  -4.287  -4.967  12.652   4.977   0.262  -3.937  -0.700  -5.260   2.484  -1.047   0.975   0.747   0.273   0.911  -0.915   0.117  -0.521   2.403   0.191  -0.609   1.529   0.204   0.518  -0.013   0.153   0.215   0.019   0.309  -0.475   0.792   0.012   0.727  -0.154  -0.063   0.316   0.048  -0.001
140:     7.675 -12.934  -5.128  -4.733  10.449   4.471   1.208  -4.723  -2.238  -4.145   1.428  -0.452   0.962   0.704   0.405   0.823  -0.429  -1.029   0.958   1.637   1.053  -0.776   0.955   0.806   0.354  -0.012   0.048   0.356  -0.108   0.287  -0.776   0.837  -0.403   0.743   0.233  -0.425   0.188  -0.179  -0.000
141:     8.801 -11.606  -2.245  -3.658  10.622   8.429   4.617  -1.278  -0.954  -0.832   6.167   1.226   0.947   0.616   0.865   0.671  -0.191  -2.457   2.194   0.882   1.895  -0.425   0.023   0.853  -0.190  -0.011   0.046   0.566  -0.433   0.127  -0.789   0.190  -0.576   0.264   0.398  -0.627  -0.332  -0.423   0.000
142:     8.483 -11.522  -2.076  -5.509   6.700  10.548   3.585  -0.323  -3.734  -3.575   5.842  -0.608   0.943   0.702   1.524   0.311  -0.356  -2.713   1.711   0.578   2.168   0.412  -0.395   0.012  -0.557  -0.012   0.114   0.948  -0.562   0.100  -0.268  -0.579  -0.356  -0.319   0.599  -0.355  -0.506  -0.370  -0.002
143:     9.442  -9.344  -2.460  -5.532   2.242  12.907   3.482   3.338  -2.076  -5.431   4.543  -1.921   0.930   0.981   2.546  -0.997  -0.316  -2.984   0.051   0.055   0.952   0.786  -0.932  -1.058  -1.141  -0.012  -0.193   1.051  -0.233   0.337   0.410  -0.891  -0.058  -0.807   0.464   0.305  -0.237  -0.382  -0.005
144:    10.862  -6.446  -3.465  -5.577   1.073  10.789   4.665   3.810   0.384  -3.819   2.302  -1.665   0.913   1.093   4.304  -1.152   0.134  -2.106  -0.865   0.272  -0.071   1.614  -0.344  -0.769  -1.022  -0.020  -0.931   0.651   0.505   0.757   0.945  -0.334   0.188  -0.699   0.080   0.788   0.231  -0.288  -0.010
145:    12.515  -1.416  -6.534  -5.203  -1.484   8.565   4.351   1.417   0.915  -5.370   2.646  -3.953   0.900  -0.545   4.731   0.235   1.251  -0.711  -0.975   0.745  -1.018   1.294   1.522   0.061  -1.869  -0.030  -1.614  -0.183   1.125   0.853   1.258   0.519   0.470   0.143  -0.184   0.791   0.450   0.183  -0.018
146:    12.410   6.034  -5.796  -5.005  -1.966   8.395   4.510   0.284   2.840  -5.324   2.944  -4.702   0.856  -3.193   3.684   2.218   2.647   0.873   0.554   1.171  -0.341   0.557   2.320   0.607  -1.635  -0.051  -1.592  -1.090   0.800   0.559   1.189   0.946   0.215   0.778  -0.340   0.084   0.276   0.698  -0.025
147:     5.944   8.072  -0.118   0.438   0.206   9.227   7.285   0.010   3.167   2.931   4.525  -9.746   0.807  -4.945   1.938   2.943   2.694   1.817   1.936   1.955   1.804   0.394   1.693   0.503   0.080  -0.085  -0.574  -1.403  -0.288  -0.180   0.704   0.705  -0.623   0.914   0.004  -0.824   0.008   1.224  -0.024
148:    -1.816   7.230   4.414   4.837   4.595  13.228   9.055   2.808   2.042   3.630   4.397  -6.943   0.706  -4.666   0.251   1.494   2.209   2.573   2.411   0.742   2.408   0.364  -0.010   0.387   1.496  -0.117   0.746  -1.111  -1.312  -0.967  -0.080  -0.164  -1.360   0.505   0.492  -0.916   0.003   0.906  -0.009
149:    -5.095   7.677   3.078   3.344   4.320  15.830  11.855   9.176   3.286  -1.381   4.434  -2.432   0.550  -2.677  -0.566  -0.845   0.572   1.958   1.620  -2.156   2.178   1.412  -1.435   0.209   2.684  -0.117   1.669  -0.695  -1.623  -1.472  -0.995  -1.049  -1.638  -0.415   0.243  -0.539   0.210   0.156   0.031
150:    -5.399   7.485   0.078   4.589   8.840  17.150   5.935   7.741   4.601  -3.216   4.926  -0.881   0.401  -0.595  -0.621  -2.448  -1.125   0.404  -0.105  -3.575   1.998   2.510  -0.697   0.769   1.591  -0.078   2.023  -0.643  -1.101  -1.548  -1.805  -1.400  -0.591  -0.940  -0.522  -0.252   0.150  -0.483   0.069
151:    -5.648   5.116  -2.176   3.423   7.876  15.365  -1.937   8.433   8.950  -0.822   5.303   0.644   0.375   1.365  -1.100  -3.200  -2.997  -2.073  -2.049  -4.077  -0.064   0.538  -0.658   1.361   0.814   0.050   1.795  -0.875  -0.133  -1.147  -1.516  -1.139   0.957  -1.305  -1.422  -0.276  -0.302  -0.778   0.078
152:    -4.515   5.406  -5.200  -0.827   4.834  12.934  -1.923  13.171  11.760  -0.134   7.810  -0.526   0.402   3.429  -2.699  -2.832  -3.745  -4.437  -2.756  -1.251  -1.171  -1.807  -1.661   0.563   0.016   0.144   1.034  -1.066   0.801  -0.314  -0.070  -0.262   1.626  -1.303  -1.611  -0.275  -0.989  -0.407   0.053
153:     1.288   3.216 -10.284  -8.933  -4.041   7.694  -4.601   6.138   2.396  -6.210   9.799   1.462   0.802   4.286  -3.902  -1.319  -3.853  -3.201  -2.749   1.468  -2.761  -3.538  -2.333  -1.197  -0.418   0.164  -0.223  -0.721   1.376   0.749   1.731   0.692   1.312  -0.604  -0.774   0.233  -1.145  -0.048  -0.003
154:     8.279  -5.058 -10.030  -7.958  -7.386   7.206   1.011   3.033  -1.157  -8.827   5.494  -1.209   0.908   3.112  -4.547   0.618  -2.269   0.619  -1.065   1.783  -3.166  -3.508  -1.236  -2.898   0.173   0.128  -1.382   0.199   1.258   1.285   2.571   1.116   0.005  -0.006  -0.079   0.719  -0.396   0.403  -0.038
155:     9.383  -9.164  -6.357 -12.277  -2.018   4.487   3.936  -0.302  -2.282  -8.138   0.477  -1.106   0.943   0.409  -3.780   1.957   0.008   4.053   0.565   0.967  -2.089  -2.482   0.293  -2.632   0.496   0.041  -1.618   0.922   0.595   1.471   1.744   0.982  -1.008   0.547   0.332   0.751   0.566   0.589  -0.044
156:     6.999 -11.142  -4.072 -10.500   6.918   9.214   2.721   0.560  -3.438  -5.352  -2.017   1.624   0.972  -1.544  -1.766   1.817   0.751   4.793   1.168  -0.974  -1.539  -2.732   0.623  -0.701   1.575   0.015  -0.931   1.146  -0.113   1.061   0.100   0.116  -1.173   0.516   0.526   0.285   1.032   0.229  -0.031
157:     3.974 -12.644  -3.478  -7.625   9.073   9.514  -0.621  -3.070  -8.872  -6.484   0.397   2.523   0.977  -1.474  -0.681   1.058   1.992   3.435   1.046  -2.195  -0.840  -2.266   0.495   0.533   1.828   0.001   0.056   0.847  -0.469   0.548  -1.070  -0.603  -0.825   0.294   0.817  -0.011   0.723  -0.396  -0.012
158:     3.263 -12.150  -2.384  -6.531  11.031  10.534  -1.582  -3.276 -11.521  -6.540   2.032   4.849   0.965  -0.600  -0.368   0.505   2.044   1.429  -0.724  -2.500  -1.213  -0.985   0.087   0.682   0.650  -0.007   0.531   0.307  -0.480   0.255  -1.402  -0.969  -0.389   0.077   1.062  -0.058   0.038  -1.119  -0.005
159:     3.879 -12.065  -1.913  -4.303  13.099   9.058  -4.886  -2.584  -9.572  -5.068   1.117   6.422   0.953   0.217  -0.246   0.269   2.099   0.385  -1.502  -2.395  -0.783   0.732   0.507   0.290  -1.021  -0.009   0.426   0.080  -0.235  -0.018  -1.059  -0.796  -0.017   0.062   0.970  -0.003  -0.332  -1.237  -0.001
160:     4.045 -13.269  -2.328  -1.939  12.048   5.824  -7.645  -5.749  -8.012  -5.623   1.034   2.923   0.947   0.267  -0.451  -0.189   1.973  -0.693  -2.401  -2.819  -1.182   1.081   0.329  -0.390  -2.596  -0.007   0.096   0.019  -0.015  -0.156  -0.524  -0.318   0.149   0.290   0.615  -0.002  -0.458  -0.631   0.001
161:     4.667 -13.316  -2.163   0.575  10.488   4.361  -9.562  -5.748  -6.969  -4.409   2.346  -1.619   0.940   0.220  -0.241   0.228   1.936  -0.797  -2.095  -2.121  -0.548   1.552   0.357  -0.592  -2.733  -0.005  -0.179  -0.052   0.059  -0.372  -0.167  -0.089   0.215   0.286   0.161  -0.262  -0.467   0.171   0.002
162:     4.205 -13.780  -3.206   0.893   8.873   0.876 -13.339  -7.603  -7.417  -5.224  -0.534  -4.111   0.938  -0.122  -0.277   0.452   1.347  -0.602  -2.018  -1.894   0.119   1.681   0.153  -1.165  -1.651  -0.003  -0.245  -0.061   0.084  -0.457   0.132   0.123   0.449   0.424  -0.185  -0.354  -0.237   0.784   0.001
163:     4.897 -13.015  -0.331   3.961  10.700   1.058 -12.643  -4.395  -2.110  -3.481  -1.060  -3.728   0.934  -0.484  -0.596   0.241   0.552  -0.497  -2.140  -1.784  -0.004   1.237  -0.713  -1.656  -0.637  -0.002  -0.215  -0.062   0.005  -0.474   0.251   0.158   0.650   0.436  -0.666  -0.428   0.016   0.936   0.000
164:     3.320 -14.803  -0.985   3.104   8.933  -2.613 -15.575  -5.832  -2.038  -5.323  -3.090  -4.277   0.934  -0.604  -0.577   0.224   0.378  -0.185  -1.764  -0.744   0.666   0.316  -0.908  -1.041   0.274  -0.002  -0.027   0.091   0.110  -0.399   0.309   0.314   1.102   0.541  -0.863  -0.313   0.376   0.917  -0.000
165:     2.690 -15.783  -2.067   2.229   7.974  -4.597 -17.366  -6.652  -3.475  -7.925  -4.654  -4.720   0.931  -0.617  -0.403   0.365   0.050   0.249  -1.433   0.555   1.361  -1.096  -1.254  -0.573   0.986  -0.003   0.129   0.248   0.253  -0.394   0.232   0.526   1.423   0.509  -0.733  -0.171   0.458   0.820  -0.001
166:     2.288 -15.282  -1.216   3.650   9.309  -5.115 -14.697  -3.144  -5.156  -7.542  -3.943  -2.245   0.928  -0.188   0.080   0.939  -0.398   0.570  -0.801   2.446   2.144  -1.467  -1.142   0.175   2.122  -0.003   0.200   0.259   0.191  -0.617  -0.265   0.532   1.137  -0.001  -0.461  -0.238   0.161   0.490  -0.001
167:     2.330 -14.788   1.609   3.937  11.758  -4.854 -10.306   1.065  -6.033  -8.640  -3.499   0.188   0.924  -0.048   0.315   1.148  -1.030   0.286   0.008   3.735   1.805  -1.538  -1.451   0.025   2.540  -0.004   0.259   0.309   0.069  -0.525  -0.918   0.466   0.548  -0.325  -0.023  -0.147  -0.040   0.028  -0.000
168:     2.558 -14.900   1.872   0.262   9.893  -6.491  -6.872   1.030  -8.093 -10.677  -2.791   3.881   0.921   0.112   0.361   0.789  -2.169  -1.531   0.177   3.353   0.439  -1.767  -1.998  -0.535   1.945  -0.005   0.294   0.487   0.041  -0.069  -1.446   0.068  -0.321  -0.291   0.382  -0.027   0.036  -0.472   0.001
169:     2.314 -14.397   2.131  -1.225   9.110  -3.868  -2.601   0.285  -9.699 -13.613  -5.103   4.916   0.912   0.526   1.000   0.783  -1.688  -3.291   0.410   2.842   0.590  -1.063  -1.560  -0.418   1.213  -0.004   0.376   0.836   0.159   0.554  -1.481  -0.583  -1.048  -0.076   0.645   0.286   0.482  -0.633   0.003
170:     2.854 -13.674   2.467  -4.616   2.979  -4.721  -1.784  -0.557 -12.159 -15.044  -5.817   5.115   0.908   0.994   2.174   1.329  -0.412  -4.873  -0.661   1.290   1.296   0.205  -1.221   0.579   0.427   0.001   0.342   1.253   0.043   1.109  -0.653  -0.881  -1.349  -0.320   0.535   0.622   0.785  -0.562   0.004
171:     4.814 -10.399   5.225  -2.062  -1.240  -3.691   1.359   4.807  -9.313 -14.258  -4.075   5.634   0.911   1.391   3.587   1.672   0.860  -5.450  -2.490  -0.475   0.994   0.701  -0.408   1.879   0.132   0.006  -0.057   1.313  -0.113   0.740   0.505  -0.463  -0.903  -1.668   0.096   1.174   0.351  -0.350   0.004
172:     6.278  -6.028   6.971  -1.380  -9.297  -9.886  -2.402   5.248  -7.259 -16.460  -0.412   5.655   0.924   1.392   5.335   0.561   2.102  -3.716  -2.780  -1.735  -1.364   0.024   0.534   2.240  -0.322   0.010  -0.668   0.798  -0.129  -0.128   1.317   0.533   0.133  -2.384   0.022   1.655  -0.520  -0.340   0.002
173:     7.558  -0.283   8.238   1.456 -12.004 -13.734  -4.666   2.355  -8.641 -14.944   1.592   5.304   0.934   0.040   5.983   0.600   0.757  -1.343  -0.847  -0.162  -6.421  -0.493   3.434   0.508  -0.161   0.011  -1.060  -0.110   0.059  -1.055   1.087   1.181   0.813  -1.564   0.638   1.460  -1.163  -0.591  -0.000
174:     8.440   7.940   3.765   4.134 -10.219 -13.600  -7.449  -6.153 -12.373 -12.029   2.549   3.669   0.945  -1.668   4.965   1.220  -0.999  -0.341   1.180   1.800  -6.917   0.912   5.136  -1.336  -1.126   0.008  -0.868  -1.021   0.364  -1.499   0.217   1.101   0.500   0.632   1.389   0.500  -1.135  -0.636  -0.003
175:     3.935  12.531   9.826  -1.033  -7.493  -6.070   3.075 -21.598  -9.221   0.696  -3.014   5.822   0.956  -2.379   3.224   1.635  -2.866  -1.704   1.433   1.820  -4.048   3.446   4.593  -2.146  -2.423   0.004  -0.016  -1.301  -0.035  -0.987  -0.112   0.415  -0.819   2.734   1.107  -1.237  -0.355  -0.269  -0.005
176:    -0.253  12.389  12.279  -5.132 -13.258  -7.816   2.727 -17.363  -2.407   1.398  -4.791  -0.235   0.955  -1.740   1.608   1.864  -3.581  -2.450   1.583  -0.228   0.610   4.998   2.453  -2.107  -2.374  -0.002   0.799  -0.919  -0.481  -0.310   0.568   0.234  -1.516   2.521  -0.118  -2.109   0.442   0.842  -0.006
177:     0.008  13.615  12.155  -8.239 -19.005  -9.463  -0.652 -12.280   3.605   1.306  -5.467  -4.857   0.951  -0.003   1.156   0.105  -2.889  -0.847   1.029  -3.241   3.488   2.999  -1.411  -0.882  -0.884  -0.010   0.990  -0.472  -0.601   0.359   1.544   0.510  -1.209   1.092  -1.184  -1.756   0.894   1.592  -0.006
178:     1.704  15.438  11.921 -10.166 -16.712  -3.988  -6.724  -7.762   6.206  -0.067  -6.760  -2.860   0.936   1.140   1.406  -0.418  -2.540   2.069   2.553  -3.249   1.922   0.547  -2.407   0.242   2.315  -0.015   0.619  -0.299  -0.432   0.807   1.538   0.465  -0.315  -0.249  -1.413  -0.615   0.919   1.193  -0.004
179:     2.942  16.785  10.529 -12.961 -10.001  -2.838  -8.407  -8.959   1.468  -5.626  -6.440   2.713   0.915   1.131   0.966  -0.232  -1.593   3.756   3.497  -2.713   0.756  -0.250  -1.758   1.147   3.192  -0.019   0.047  -0.416   0.052   1.087   0.429   0.212   0.454  -0.458  -0.653   0.780   0.643   0.120  -0.001
180:     3.981  17.833  11.004 -15.470  -7.416   1.637  -9.639  -9.414   1.397  -7.171  -3.095   7.556   0.898   0.787   0.208  -0.125  -0.195   2.936   2.676  -2.068   0.733  -0.443  -0.448   1.472   1.551  -0.019  -0.278  -0.582   0.185   1.230  -0.820  -0.516   0.671   0.088   0.036   1.340   0.200  -0.730   0.002
181:     4.525  17.248  11.454 -13.552  -4.872   5.210 -12.759  -7.674   4.760  -3.932  -1.564   5.894   0.873   0.406  -0.328   0.219   1.372   0.867   2.027  -1.560   1.795   0.231   1.511   1.718   0.099  -0.014  -0.342  -0.588   0.223   0.763  -1.291  -1.090   0.841   0.290   0.255   1.164  -0.177  -0.579   0.005
182:     4.848  16.249  10.832 -10.846  -4.596   5.366 -14.886  -4.742   2.344  -3.154  -1.836   3.305   0.863   0.110  -0.856   0.283   2.128  -0.585   0.709  -0.468   1.840   0.488   2.661   0.955   0.209  -0.009  -0.335  -0.558   0.251  -0.065  -0.830  -1.204   0.898   0.095   0.381   0.779  -0.307   0.028   0.007
183:     4.541  15.939  11.713  -8.410  -7.077   5.433 -13.584  -2.322   2.147  -0.080   1.521   5.335   0.862  -0.242  -1.441   0.680   1.059  -0.936  -0.968   0.690   1.654   0.558   2.509   0.519   0.967  -0.000  -0.329  -0.530   0.050  -0.808  -0.061  -1.172   0.842  -0.321   0.263   0.248  -0.345   0.094   0.008
184:     4.523  14.206  12.289  -7.401  -9.238   5.069 -11.565  -2.888   5.144   4.206   0.138   8.883   0.857  -0.564  -2.023   0.902  -0.365  -0.311  -1.845   1.300   1.277   1.300   2.949   0.538   1.256   0.008  -0.293  -0.399  -0.247  -0.907   0.268  -0.756   0.710  -0.437   0.017  -0.158  -0.116  -0.380   0.007
185:     3.477  11.066  14.123  -9.980  -7.233   0.516 -10.970  -0.333   6.152   4.932   0.043   7.942   0.874  -0.902  -2.394   0.159  -1.421   0.423  -2.557   1.764   0.471   1.142   2.609   0.202   0.047   0.015  -0.146  -0.224  -0.536  -0.377   0.102  -0.064   0.624  -0.384  -0.280  -0.353  -0.100  -0.758   0.005
186:     2.561   8.570  14.136 -11.889  -6.071  -1.403  -9.696   0.648   6.842   9.083   1.594   8.279   0.897  -1.027  -2.375  -0.692  -1.168   0.074  -2.277   2.545   0.247   0.279   1.822   0.534  -1.231   0.020   0.063  -0.150  -0.474   0.183  -0.188   0.432   0.536  -0.130  -0.575  -0.745  -0.331  -0.783   0.001
187:     1.014   6.786  11.584 -13.270  -6.546  -4.114  -5.699  -1.737   7.007  10.525   1.804   5.872   0.919  -0.741  -2.384  -1.204  -0.425  -0.618  -1.072   3.185   0.249  -0.333   1.308   0.023  -1.577   0.017   0.303  -0.173  -0.118   0.529  -0.319   0.819   0.294   0.156  -0.583  -0.971  -0.467  -0.464  -0.003
188:     0.622   4.470  10.096 -11.596  -9.210  -4.000  -1.475  -0.950   6.113  10.518   1.927   3.761   0.933  -0.328  -2.778  -0.789   0.054  -0.729  -0.430   3.271   0.736  -0.836  -0.126  -1.026  -1.848   0.012   0.392  -0.111   0.153   0.455  -0.131   0.798  -0.056   0.172  -0.379  -1.023  -0.472  -0.227  -0.005
189:     0.744   1.194  10.125 -12.250  -8.752  -3.544   0.844   1.712   4.854  10.753  -0.009   2.314   0.940   0.265  -3.057  -0.383   0.615  -0.769   0.614   2.870   1.005  -1.214  -1.270  -1.354  -1.966   0.006   0.288   0.169   0.177   0.322   0.070   0.559  -0.255   0.087  -0.169  -0.845  -0.142  -0.118  -0.004
190:     1.055  -2.525  10.920 -12.131  -8.611  -3.839   3.388   2.604   3.740   8.337  -2.629   0.817   0.944   0.428  -2.591  -0.336   0.588  -0.505   0.871   2.421   0.731  -1.177  -2.002  -1.140  -2.171   0.003   0.070   0.539  -0.071   0.177   0.131   0.325  -0.349  -0.051  -0.059  -0.329   0.224   0.016  -0.002
191:     2.123  -5.003   9.256  -9.927 -10.691  -1.125   6.220   1.509   2.120   5.264  -2.688  -2.486   0.941   0.324  -1.634  -0.547   0.919  -0.381   1.072   2.336   0.687  -1.004  -1.980  -0.632  -2.004   0.002  -0.137   0.699  -0.177   0.015   0.226   0.013  -0.399   0.018  -0.012   0.149   0.375   0.245  -0.000
192:     2.074  -5.389   8.850  -9.818 -10.765  -0.855   7.944   2.808   1.593   3.253  -2.433  -4.692   0.946  -0.009  -0.794  -1.061   0.785  -0.266   0.964   1.793   0.641  -1.238  -1.418  -0.269  -1.748   0.003  -0.166   0.562  -0.153   0.003   0.206  -0.131  -0.495   0.104  -0.069   0.407   0.414   0.412   0.000
193:     1.853  -5.545   8.423  -8.811  -9.579   0.327  10.246   5.043   0.906   3.393  -3.266  -4.952   0.951  -0.203  -0.460  -0.903   0.592   0.240   0.633   1.188   1.139  -1.243  -0.817   0.087  -0.951   0.004  -0.116   0.326  -0.036  -0.118   0.150  -0.399  -0.705   0.008  -0.137   0.311   0.277   0.311   0.000
194:     1.146  -6.226   6.031  -8.763 -10.499   0.254  10.339   4.042  -1.843   2.184  -3.685  -6.688   0.953  -0.139  -0.369  -0.925   0.764   0.214   0.434   0.519   1.023  -1.404  -0.550   0.571  -0.640   0.003  -0.027   0.232   0.164  -0.144   0.162  -0.603  -0.617   0.003   0.000   0.223   0.058   0.247  -0.000
195:     1.572  -6.883   6.149  -7.497  -9.623   1.485  10.962   6.586  -2.374   1.715  -1.628  -6.242   0.955  -0.189  -0.219  -0.793   0.339   0.128  -0.657  -0.550   0.537  -1.607  -0.860   0.331  -1.002   0.003  -0.025   0.256   0.155  -0.211   0.082  -0.777  -0.380  -0.132   0.080   0.127  -0.212   0.153  -0.001
196:     1.519  -6.565   5.364  -6.655  -9.671   0.737  10.184   7.153  -3.789   1.342  -0.396  -7.245   0.960  -0.153   0.247  -0.294   0.193   0.601  -1.407  -0.426   0.955  -1.055  -0.281  -0.100  -0.486   0.001  -0.050   0.282   0.136  -0.173   0.079  -0.695   0.050  -0.138   0.196   0.111  -0.203   0.248  -0.002
197:     0.719  -6.469   4.789  -8.172  -9.352  -3.199   7.573   6.172  -6.155  -0.488  -3.254  -9.681   0.960  -0.322   0.514  -0.443  -0.176   0.459  -2.331  -0.237   0.515  -1.018  -0.314  -0.637  -0.262  -0.001  -0.027   0.247   0.105   0.030  -0.042  -0.292   0.397  -0.121   0.158   0.141   0.197   0.311  -0.002
198:     0.809  -5.200   5.241  -7.461  -7.630  -4.437   9.905   9.024  -5.225   1.882  -3.374  -7.397   0.956  -0.322   0.676  -0.418   0.159   0.443  -2.204   0.615   0.345  -0.716  -0.270   0.038   0.233  -0.003   0.051   0.196   0.204   0.059  -0.312  -0.071   0.256  -0.365  -0.168   0.086   0.550   0.141  -0.002
199:     0.320  -4.996   3.996  -7.975  -8.347  -7.581   9.915   8.225  -6.745  -0.126  -3.324  -7.476   0.953  -0.241   0.801  -0.206   0.507  -0.000  -1.718   0.913   0.235  -0.985  -0.160   1.247   0.194  -0.005   0.275   0.212   0.626  -0.070  -0.377   0.110  -0.129  -0.645  -0.465   0.247   0.590   0.242  -0.001
200:     0.108  -3.921   3.672  -5.960  -7.960  -8.094  12.090   7.851  -7.075  -0.188  -0.172  -7.184   0.948   0.061   1.082   0.608   0.146  -0.730  -2.065   0.278  -0.730  -1.913   0.072   1.708  -0.008  -0.006   0.458   0.228   0.985  -0.283  -0.374   0.319  -0.642  -1.074  -0.659   0.336   0.374   0.253  -0.001
201:    -0.133  -3.104   4.542  -6.387  -9.188  -9.962  11.044   7.936 -10.157  -0.253   1.382  -8.819   0.939   0.863   1.370   2.174  -0.520  -0.841  -1.849  -0.713  -2.171  -2.746   0.748   1.477   1.069  -0.007   0.468   0.148   0.941  -0.263  -0.165   0.640  -0.733  -1.178  -0.401   0.280   0.139   0.249  -0.001
202:     1.343  -0.734   8.007  -7.526 -10.862 -13.574  10.732   5.519 -13.084   2.303   2.812  -6.767   0.935   1.415   1.533   3.318  -0.744  -1.007  -0.546  -1.780  -3.823  -3.131   0.954   1.793   1.061  -0.009   0.216  -0.074   0.372   0.004   0.096   0.969  -0.414  -0.633   0.147   0.048   0.029  -0.005  -0.001
203:     4.015   0.260  12.699  -9.792 -11.101 -14.087   7.026  -1.465 -17.469   2.370   2.567  -2.338   0.926   1.424   1.314   3.146  -0.364  -0.687   0.721  -1.722  -4.108  -2.382   0.801   1.902   0.904  -0.009  -0.055  -0.205  -0.171   0.206   0.170   0.873  -0.066  -0.061   0.455  -0.160   0.018  -0.305   0.000
204:     5.107   2.065  16.184  -7.980 -12.037  -8.762   5.199  -6.565 -19.072   3.271   8.200  -5.121   0.908   0.862   0.740   1.984   0.090  -0.329   1.495  -1.289  -2.927  -1.358   0.284   1.641   0.051  -0.007  -0.167  -0.216  -0.383   0.212   0.172   0.486   0.141   0.298   0.457  -0.186  -0.057  -0.287   0.001
------------------------------------------------------------------------------------------------------------------------------------------------------------- END --------------------------------------------------------------------------------------------------------------------------------------------------------------
