-------------------------------------------------------------------------------------------------------------------------------------------------------- Samples: 0->-1 --------------------------------------------------------------------------------------------------------------------------------------------------------
0:       4.181   6.230  11.989  16.077  -0.126  -1.521  -0.078  -7.534  -2.716  -4.356  -7.323  -2.721   0.425  -0.138  -0.023   0.285   0.333  -0.557  -0.250   0.304   0.454   1.851  -1.536  -1.993   0.790   0.029  -0.289  -0.207  -0.289  -0.149   0.306   0.667  -0.057  -0.203  -0.661   0.009   0.362   0.250   0.004
1:       3.196   6.020  14.081  17.732  -2.328  -4.157   1.948  -4.879   5.725  -8.100 -10.634  -1.171   0.504  -0.583  -0.136   0.113   1.046  -0.403   0.461   0.661   0.182   0.387  -1.359  -2.161   1.141   0.034  -0.282  -0.341  -0.513  -0.762   0.358   0.939  -0.408  -0.452  -0.796   0.171   0.892   0.278   0.009
2:       3.981   6.223  12.365  16.913  -1.810  -1.455   0.428  -6.590   2.320 -10.162 -15.635   0.453   0.531  -1.359  -1.001  -1.073  -0.767   0.897   2.727  -0.157  -0.427  -0.722  -1.579  -0.102   1.863   0.049   0.014  -0.389  -0.474  -1.118  -0.248   0.423  -0.484  -0.565  -0.221   0.495   1.105  -0.045   0.014
3:       1.363   5.553  12.364  20.889  -1.297   0.753   2.974  -7.095  -3.297  -8.246 -13.971   1.396   0.544  -0.938  -1.239  -1.601  -2.926   0.504   2.954  -1.505  -1.364  -0.842  -0.659   1.520   1.644   0.063   0.553  -0.331  -0.285  -1.113  -1.013  -0.451  -0.419  -0.463   0.421   0.805   0.779  -0.535   0.014
4:      -1.698   1.460   7.484  10.665   3.843   9.659  -1.377  -8.559  -1.814 -12.180  -6.163   5.311   0.649   0.107  -1.417  -1.229  -3.271  -2.251   0.618  -1.031  -1.596   1.363   0.589   1.691   0.311   0.082   0.921  -0.180   0.157  -0.148  -1.347  -1.356   0.021  -0.112   0.301   1.136   0.125  -1.069   0.006
5:       1.348   2.206   8.515   6.227  -2.632   5.055  -4.671 -10.712   3.582 -10.385  -7.771   4.620   0.761   1.450  -1.586  -1.233  -3.265  -3.893  -0.740  -0.998  -1.548   1.450   1.581   0.838  -0.759   0.088   0.613  -0.211   0.170   0.470  -0.478  -1.069   0.179   0.414  -0.626   1.061  -0.080  -1.130  -0.005
6:       4.525   0.812   8.144   7.887 -12.396  -0.516  -0.907 -12.761   5.696  -6.148 -10.278   0.395   0.834   2.055  -1.725  -0.471  -1.339  -3.639  -2.209  -0.304  -0.895  -0.361   2.983   0.864  -2.279   0.069   0.044  -0.119  -0.067   0.371   0.910  -0.179  -0.110   0.689  -1.489   0.739   0.093  -0.676  -0.014
7:       5.503  -2.051   5.868   5.955 -12.645   2.139  -2.253 -12.735   0.198  -3.358  -7.724   0.059   0.890   1.151  -2.142  -1.131  -1.540  -1.190  -0.979  -0.975   0.357  -3.110   3.450   1.534  -2.712   0.046  -0.350   0.094  -0.179   0.169   1.419   0.403  -0.072   0.631  -1.066   0.367   0.113   0.038  -0.018
8:       6.498  -5.039   6.450   4.104  -9.348   0.074  -4.105 -12.024  -1.925  -0.778  -1.869  -3.803   0.927   0.479  -1.732  -1.613  -2.280   0.948  -0.157  -1.592   0.895  -3.804   3.350   1.810  -2.094   0.031  -0.377   0.316  -0.324  -0.164   0.973   0.810   0.071   0.322  -0.191  -0.196  -0.188   0.811  -0.014
9:       6.118  -5.577   3.705   0.418 -10.107  -0.137  -7.947  -9.298  -8.156   4.182  -4.303  -6.839   0.947   0.490  -1.114  -1.556  -1.952   0.909   0.249  -0.715   0.713  -2.157   3.232   0.932  -0.659   0.019  -0.104   0.436  -0.088   0.020   0.221   0.728   0.414   0.003   0.486  -0.579  -0.182   1.022  -0.010
10:      6.611  -6.083   1.159  -0.742  -8.925  -0.162  -6.017 -10.004  -9.146   6.834  -2.939  -6.626   0.960   0.502  -0.660  -1.878  -1.952   0.176   1.228  -0.081   0.539  -1.791   2.111   0.223   0.750   0.011   0.029   0.385   0.143   0.200  -0.184   0.605   0.441  -0.081   0.375  -0.768   0.073   0.610  -0.007
11:      7.895  -7.098   0.733  -1.381  -8.313   3.502  -4.872 -10.182  -6.977   8.996  -2.529  -1.827   0.967   0.619  -0.499  -1.439  -1.605   0.303   1.968   0.340   0.549  -1.688   1.177   1.417   0.976   0.006  -0.003   0.292   0.318   0.195  -0.067   0.164   0.211  -0.129  -0.090  -0.917   0.407  -0.177  -0.005
12:      8.117  -7.577  -1.455  -4.758  -9.363   4.397  -6.047  -8.887 -11.469   7.369  -1.640  -2.559   0.969   0.558  -0.114  -0.959  -1.454   0.330   2.009   0.086   0.571  -2.163   0.540   1.931   0.141   0.004  -0.082   0.254   0.572   0.292   0.250  -0.517   0.181  -0.362  -0.060  -0.835   0.310  -0.624  -0.004
13:      8.459  -7.327  -2.182  -5.598  -8.375   7.425  -6.233  -7.109 -15.435   9.801   2.131  -3.995   0.975   0.445   0.075  -0.428  -1.225   0.498   0.678   0.258   0.051  -2.423  -0.568   2.113  -1.240  -0.001  -0.188   0.173   0.671   0.386   0.337  -1.082   0.146  -0.539   0.131  -0.783  -0.250  -0.575  -0.004
14:      9.118  -6.537  -2.179  -5.902  -7.244   7.924  -4.908  -8.685 -15.731   9.134   4.388  -4.837   0.975   0.179   0.322   0.478  -0.683   1.328  -0.712   0.867  -1.023  -1.725  -1.192   1.424  -1.263  -0.007  -0.261  -0.087   0.731   0.558   0.074  -1.012  -0.211  -0.399   0.405  -0.652  -0.582  -0.157  -0.003
15:      9.617  -7.242  -1.044  -6.932  -6.881   5.126  -4.151 -10.027 -16.960   5.276   5.022  -6.889   0.960  -0.130   0.147   1.197  -0.059   1.490  -2.079   0.679  -1.348  -1.251  -1.872   0.422  -1.197  -0.010  -0.226  -0.262   0.754   0.723  -0.442  -0.278  -0.750   0.201   0.794  -0.247  -0.659   0.526  -0.000
16:      8.432  -6.007   0.367  -7.508  -3.468   1.985  -2.753 -12.541 -19.333   3.671   4.034  -7.425   0.944  -0.461  -0.584   1.883   0.755   0.204  -1.670  -1.182  -0.725  -0.723  -2.068  -0.132  -0.666  -0.008  -0.150  -0.252   0.495   0.657  -1.043   0.362  -1.245   0.821   1.085  -0.063  -0.514   0.971   0.004
17:      8.154  -6.855   2.530  -5.089  -2.814  -0.003  -3.914 -11.921 -19.889   3.172   4.419  -8.689   0.939  -0.366  -0.782   2.641   1.672  -1.151  -0.234  -2.465   0.905   1.044  -1.367  -0.406   1.094  -0.001  -0.128   0.068  -0.096   0.268  -1.089   0.509  -0.999   0.919   1.412  -0.187  -0.293   1.323   0.007
18:      7.544  -9.649   5.450  -3.050  -8.258   2.139 -10.935 -11.360 -17.884  -0.155   4.031  -7.268   0.945  -0.455  -0.474   2.229   1.738  -2.568   0.174  -3.788   1.956   2.552  -1.758  -0.731   2.446   0.008  -0.183   0.344  -0.752  -0.430  -0.372  -0.076   0.060   0.686   1.458  -0.328  -0.039   1.038   0.006
19:      8.230  -9.333   9.621  -0.803 -10.241   3.879 -12.386  -6.092 -12.463   0.355   2.993  -1.500   0.954  -0.773   0.430   0.543   0.788  -2.568  -0.456  -3.012   1.904   4.170  -2.961  -0.741   3.862   0.015  -0.288   0.243  -1.085  -0.954   0.493  -0.543   1.010   0.356   1.071  -0.285   0.294   0.072   0.003
20:      6.121  -7.136   7.967  -0.961 -12.592   0.916 -17.456  -5.673 -10.285  -3.713   1.094   1.209   0.974  -1.173   0.528  -0.830  -0.954  -0.946  -1.941  -0.610   2.206   5.001  -2.910  -0.158   3.137   0.016  -0.138  -0.128  -0.972  -0.928   1.154  -0.475   1.546   0.191   0.464   0.269   0.326  -0.947  -0.003
21:      5.000  -5.960   3.985  -2.191 -13.485  -1.671 -15.715  -5.245  -2.837  -9.856   2.183   6.385   0.999  -1.445  -0.066  -1.256  -1.752   0.503  -1.891   0.998   2.558   5.173  -2.217   0.775   1.109   0.010   0.135  -0.452  -0.643  -0.525   1.225  -0.170   1.070  -0.120  -0.294   0.760  -0.082  -1.713  -0.007
22:      3.292  -8.695   4.120  -7.125 -11.366  -4.789 -12.322  -0.752   2.309  -9.599   3.646   4.477   1.000  -0.810  -0.865  -1.732  -1.632   1.666  -1.483   1.935   2.585   4.372  -0.783   0.141  -0.914  -0.003   0.394  -0.319  -0.529  -0.012   0.741   0.230  -0.002  -0.708  -0.762   0.624  -0.536  -1.586  -0.006
23:      2.418  -8.883   5.263  -6.479  -8.336  -2.725  -9.963   4.239   7.104  -7.788   5.593   2.411   0.990  -0.280  -1.132  -2.222  -1.500   2.250  -1.535   1.065   1.115   3.013  -0.227  -1.299  -2.675  -0.010   0.437   0.037  -0.426   0.192   0.206   0.257  -0.715  -1.162  -0.929   0.259  -0.580  -0.914  -0.003
24:      3.362 -10.000  -1.333  -6.979  -6.838  -5.970 -10.657   2.509   6.603  -8.664   0.095  -1.375   0.963   0.216  -0.534  -2.989  -1.142   1.888  -0.971  -0.652  -0.613   2.270  -0.785  -1.800  -2.902  -0.007   0.189   0.452   0.164   0.259   0.051   0.304  -0.648  -1.052  -0.708   0.034   0.213  -0.115  -0.000
25:      3.564 -10.967  -4.396  -9.761  -4.499  -8.755 -11.221  -1.298  10.081 -11.458  -2.540  -4.062   0.969   0.227  -0.049  -2.758  -1.035   1.422  -0.863  -1.284  -1.653   1.577  -0.921  -1.156  -2.466  -0.004  -0.027   0.615   0.792   0.387   0.097   0.355  -0.021  -0.646  -0.651   0.024   0.847   0.415  -0.002
26:      3.800 -10.322  -5.997 -11.193  -3.846  -6.630 -14.953  -1.048  12.172 -11.690  -1.289  -6.796   0.975  -0.117   0.855  -0.643  -0.571   2.334  -0.296  -0.129  -1.290   1.549  -0.266   1.134  -1.593  -0.006  -0.146   0.666   1.153   0.555   0.352   0.300   0.581  -0.238  -0.945   0.122   0.570   0.668  -0.006
27:      3.332  -8.967  -6.192  -9.547  -2.723  -6.712 -14.233  -2.246  12.205 -10.878   0.507  -7.207   0.963  -0.249   1.248   0.567   0.150   2.511  -0.098   0.701  -1.778   0.120  -0.366   1.467  -1.252  -0.018  -0.173   0.891   0.864   0.723   0.413   0.439   0.587  -0.002  -1.223   0.088  -0.381   0.738  -0.011
28:      2.892  -6.727  -3.649  -9.942   3.942  -8.473  -9.797  -3.469  13.288 -10.282   4.244  -7.767   0.935  -0.276   2.150   1.114   1.041   3.105   0.144   1.261  -1.739  -1.725  -0.455  -0.264  -0.168  -0.032  -0.229   1.028   0.154   0.698   0.195   0.434   0.266  -0.000  -1.118   0.069  -1.206   0.722  -0.011
29:      2.775  -6.526  -2.734  -9.637   4.162  -8.321 -10.293  -8.978  10.124 -13.993   2.031  -9.835   0.898  -0.560   3.761   0.683   1.776   3.103   1.113   0.954  -1.438  -2.900  -0.384  -2.360   0.511  -0.044  -0.336   0.847  -0.211   0.447   0.149   0.066   0.072   0.329  -0.505   0.097  -0.926   0.645  -0.005
30:      2.697  -0.793  -2.159  -5.943   8.234  -5.104 -10.617  -6.377   4.586 -12.405  -3.373  -6.322   0.846  -1.109   4.737   0.071   2.107   3.010   1.268   1.075  -1.460  -2.530   0.090  -2.984   1.136  -0.049  -0.256   0.015  -0.208  -0.080  -0.239  -0.530  -0.109   0.637   0.114   0.097   0.063   0.460   0.006
31:      0.631   6.869  -3.524  -2.667  10.647  -2.832  -9.053  -7.984   2.057 -11.735  -7.486  -5.374   0.785  -1.513   4.192   0.036   1.851   3.302  -0.327   1.155  -0.272  -2.004  -0.153  -1.805   1.322  -0.036   0.173  -1.244   0.148  -0.525  -0.977  -0.929  -0.280   1.119   0.345   0.142   0.893   0.447   0.019
32:     -1.583  10.258  -2.900  -2.890  15.752  -4.879  -5.040 -11.267   4.674 -10.962  -5.915  -4.316   0.748  -1.080   2.008   0.398   0.604   1.812  -1.785   0.614   0.865  -1.603  -0.083  -0.227   1.724  -0.006   0.657  -2.182   0.557  -0.738  -1.922  -0.605  -0.566   1.445   0.199   0.181   0.971   0.401   0.025
33:     -2.651   8.908  -2.184  -1.910  16.914 -10.068  -7.309  -7.892   0.062 -15.478  -5.723  -4.228   0.769   0.290  -1.094   1.260  -0.095  -1.181  -2.007  -0.214   2.994  -1.637   0.414   0.728   2.451   0.028   0.799  -2.270   0.788  -0.642  -2.351   0.254  -0.478   1.141   0.217   0.416   0.605   0.265   0.020
34:     -1.063   8.230  -0.837  -3.301  14.163 -10.411  -8.417  -2.100  -2.431 -10.950  -5.391   1.727   0.826   1.276  -3.530   2.244  -0.611  -4.358  -0.920  -1.069   4.133  -1.720   0.711   0.604   2.576   0.044   0.475  -1.583   0.680  -0.283  -1.782   0.845  -0.265   0.447   0.159   0.280   0.184  -0.201   0.006
35:      1.819   2.412   1.745  -2.937   5.537 -10.100  -8.437   2.402  -2.573  -9.670  -4.106   3.860   0.883   1.301  -4.389   3.055  -0.753  -5.368   0.511  -0.394   3.797  -0.858   1.528   0.802   2.219   0.038   0.030  -0.437   0.144   0.093  -0.613   0.871   0.008  -0.571   0.144   0.003  -0.088  -0.610  -0.008
36:      2.564  -4.142   6.354  -5.433  -0.348  -9.462  -9.820   4.252  -2.610 -10.313  -3.705   4.518   0.911   0.787  -4.259   2.899  -0.484  -5.002   1.180  -0.621   2.698  -1.199   0.760   0.655   0.835   0.019  -0.066   0.560  -0.601   0.461   0.534   0.348   0.461  -1.389   0.224  -0.001  -0.161  -0.779  -0.014
37:      2.043  -6.851   9.496  -4.609  -2.670  -7.988  -8.579   7.916  -4.138  -8.156  -2.554   5.472   0.915   0.682  -2.914   1.653   0.305  -3.923   1.300  -0.399   0.856  -1.179   0.406   0.264   0.272   0.001   0.160   1.052  -1.268   0.527   1.058  -0.248   0.643  -1.883   0.273   0.205  -0.222  -0.935  -0.012
38:      2.759  -8.433   9.780  -4.883  -6.745  -5.569 -11.451   8.633  -7.646  -7.909  -2.891   5.094   0.905   1.255  -1.468  -0.063   1.163  -2.411   0.428   1.238  -1.340  -0.441   1.265   0.070  -0.346  -0.007   0.359   1.244  -1.401   0.161   1.425  -0.335   0.667  -1.583   0.346   1.016  -0.026  -0.900  -0.005
39:      5.132 -10.013   8.299  -1.686 -10.880  -5.549  -9.617   4.491  -5.952  -8.842  -3.195   4.932   0.892   1.867  -0.525  -1.804   1.056  -1.374  -0.351   1.893  -3.599   0.125   2.299  -0.015  -1.864  -0.008   0.263   1.166  -1.163  -0.552   1.485   0.052   0.040  -0.805   0.236   1.442   0.245  -0.807   0.001
40:      7.292  -9.902   6.637  -1.079  -8.298  -8.544  -3.111  -0.735  -3.907  -3.646  -3.033   3.059   0.886   1.990   0.768  -2.379  -0.053   0.848   0.328   1.566  -2.989  -0.121   4.893   0.662  -2.595  -0.003  -0.017   0.841  -0.739  -1.105   1.092   0.702  -0.816   0.170   0.307   0.871   0.435  -0.242   0.005
41:      9.113  -8.741   2.045  -1.229  -8.761  -8.254  -3.283  -5.393  -5.381   1.206  -2.558  -2.832   0.885   1.631   1.797  -3.004  -1.848   1.874   1.609  -0.364  -2.346  -0.157   5.802   1.194  -2.636   0.005  -0.306   0.308  -0.305  -1.108   0.544   0.911  -0.820   0.931   0.726  -0.348   0.381   0.650   0.006
42:     10.719  -5.231   1.013  -5.378  -3.563  -2.578  -6.790  -1.370  -8.539  11.534   0.101  -4.000   0.894   1.288   1.576  -3.159  -2.909   1.423   2.958  -1.714  -1.115   1.237   3.867   1.640  -1.170   0.012  -0.454  -0.408  -0.055  -0.404  -0.138   0.325  -0.024   0.867   1.306  -1.939   0.016   1.088   0.004
43:     11.576  -3.365  -3.908  -8.777  -3.877  -0.488  -9.596  -6.923  -4.421  12.578   1.210  -4.718   0.914   0.687   0.612  -2.942  -3.057   1.060   2.891  -0.569   0.121   3.076   1.074   1.399   0.673   0.014  -0.504  -0.924   0.310   0.450  -0.260  -0.599   0.890   0.814   1.100  -2.378  -0.366   0.782  -0.000
44:     12.500  -4.710  -6.179 -11.852  -3.623   2.362  -8.527  -5.546   1.798  10.001   3.284  -1.848   0.930   0.192  -0.679  -2.684  -1.467   0.567   1.313   1.547   0.113   4.792  -2.435   0.642   1.191   0.011  -0.458  -0.900   0.565   1.071   0.012  -1.331   1.167   0.588   0.120  -1.521  -0.492  -0.135  -0.003
45:     11.659  -5.942  -9.068 -13.278  -3.430   3.732  -5.257  -2.699   4.832   7.343   2.844  -0.546   0.938  -0.338  -1.695  -1.692  -0.320   1.005  -0.563   2.456   1.110   3.565  -2.936  -0.135   0.094   0.005  -0.308  -0.564   0.606   1.160   0.092  -1.394   0.608   0.204  -0.888  -0.346  -0.372  -0.985  -0.004
46:     11.635  -7.338  -9.825 -10.462  -0.951   1.876  -1.226  -2.915  10.796   1.976   2.495  -0.129   0.934  -0.491  -1.769  -0.961   1.077   1.509  -1.970   2.609   1.330   1.592  -1.732  -0.051  -1.554   0.002  -0.164  -0.155   0.581   0.680  -0.097  -0.799  -0.022  -0.098  -1.534   0.733  -0.271  -1.180  -0.004
47:     10.318 -10.526 -10.545 -11.071  -0.189  -3.060  -0.964  -2.690   8.903   1.908   0.927  -5.108   0.937  -0.511  -1.663  -0.773   1.473   1.049  -2.439   1.938   0.531   0.238  -1.007  -0.114  -2.882  -0.000  -0.031   0.280   0.591   0.205  -0.416   0.027  -0.154  -0.616  -1.044   0.930  -0.337  -0.564  -0.004
48:     10.715 -11.262 -10.243  -7.570   2.303  -4.093   2.371   1.100   7.721   4.058   3.987  -7.336   0.939  -0.543  -1.468  -0.237   1.037   0.061  -1.744   1.697  -0.088  -1.216   0.263  -0.721  -3.220  -0.005  -0.089   0.587   0.643  -0.081  -0.711   0.556  -0.149  -0.818  -0.460   0.640  -0.526   0.180  -0.007
49:      9.566 -12.294 -12.723  -7.359   0.190  -5.479   2.636  -2.054   7.561   1.268   1.530 -11.352   0.934  -0.465  -0.444   0.901   0.728  -0.350  -0.543   2.144  -1.261  -0.252   0.715  -1.484  -1.894  -0.013  -0.401   0.709   0.678   0.299  -0.285   0.834  -0.012  -0.105  -0.283   0.401  -0.430   1.024  -0.011
50:      9.296 -13.796  -9.922  -7.134  -0.836  -5.632   5.459  -3.672   5.388   3.613  -1.412 -13.108   0.912  -0.962   0.557   1.420   1.043  -1.348  -0.139   1.760  -1.862  -0.465   0.607  -1.996  -1.148  -0.029  -0.883   0.528   0.363   0.977   0.722   0.943  -0.640   0.824  -0.409  -0.068  -0.018   1.660  -0.016
51:      8.704 -11.477  -6.200  -7.650  -0.370  -5.006   8.212  -6.611   8.808   5.707  -3.794 -11.693   0.884  -2.305   0.868   1.789   2.967   0.330   0.928   1.844   0.894  -1.552   0.825  -1.628   1.201  -0.046  -1.231  -0.050  -0.084   1.296   1.391   0.942  -1.367   1.556  -0.764  -0.328   0.336   1.640  -0.016
52:      6.338  -8.887  -6.406  -2.209  -4.156  -5.024   8.383  -5.929   4.775   4.872  -3.333 -12.904   0.819  -4.036   0.515   1.135   4.800   3.331   2.238  -1.354   2.956  -2.612  -0.130  -0.741   3.533  -0.069  -0.988  -0.435  -0.159   0.984   1.653   0.632  -1.468   1.553  -0.244  -0.369   0.386   1.081  -0.008
53:     -0.479 -10.409  -5.536   5.013   3.501  -1.144  10.397   3.543   0.105   4.764  -5.651  -5.448   0.753  -5.082  -0.672   0.622   5.328   4.268   2.978  -3.135   4.110  -2.999  -0.557  -0.433   3.964  -0.071  -0.085  -0.304  -0.164  -0.012   0.598  -0.139  -0.973   0.407   0.811  -0.209   0.419   0.055   0.004
54:     -6.295 -11.755  -4.581  10.534  13.881   3.628  -2.402   6.033  -3.321   3.436  -4.191   1.434   0.631  -4.511  -0.847   1.210   4.784   4.951   1.995  -3.090   4.293  -0.963  -0.546  -0.665   2.878  -0.055   0.941   0.195  -0.051  -0.997  -0.756  -0.919   0.306  -0.664   1.369  -0.155   0.206  -0.696   0.017
55:    -10.390 -13.402  -4.005  12.619  11.951   5.559  -2.070   7.960  -2.141   3.639  -5.532   0.960   0.621  -2.494   0.031   0.931   2.915   2.508   0.353  -2.152   2.258   1.676  -0.010   0.427   1.805  -0.031   1.691   0.816  -0.219  -1.951  -1.499  -1.201   0.795  -1.605   1.289  -0.478  -0.243  -0.830   0.024
56:    -11.260 -11.627  -1.122  17.906  16.374   1.600  -0.832  13.329   1.081   2.702  -6.715  -1.719   0.608  -0.625   1.141   0.727   1.024   0.429  -1.044  -0.315   0.564   1.895  -1.176  -0.140   1.130  -0.003   1.906   0.857  -0.574  -2.651  -2.105  -0.863   0.826  -2.234   0.595  -0.780  -0.543  -0.586   0.027
57:    -10.465 -10.315  -2.609  15.900  14.794   1.637  -1.150  11.185   6.287   5.079  -2.255   5.155   0.611   1.430   2.415  -0.230  -2.547  -0.968  -1.509  -0.547  -2.049   2.016  -2.630  -1.911   0.687   0.021   1.585   0.382  -0.660  -2.536  -1.790  -0.433   0.748  -2.119   0.138  -0.713  -0.582  -0.713   0.027
58:     -9.383  -7.594  -1.645  14.012  14.604   0.369  -4.438   7.240   1.938  -3.166  -6.530   4.989   0.623   3.058   2.247  -1.080  -5.738  -3.839  -1.387   0.239  -4.724   1.843  -3.135  -2.210   0.507   0.055   0.877  -0.279  -0.654  -1.688  -1.208  -0.069   0.487  -1.601   0.209   0.156   0.276  -0.769   0.020
59:     -4.179  -3.345  -4.895   1.832   7.997  -1.369  -3.002   0.762   7.509  -6.577 -15.178   1.040   0.718   3.590   1.390  -1.467  -6.383  -4.308  -1.641   1.312  -5.695   2.391  -2.596  -1.446  -1.448   0.076  -0.083  -0.671  -0.246   0.032  -0.118   0.301   0.217  -0.517  -0.024   0.923   1.383  -0.610   0.004
60:      0.889  -3.879  -5.379  -3.752   0.578  -3.830   1.288  -5.080   9.683  -7.144 -11.306   2.873   0.830   2.679   0.256  -1.925  -5.497  -3.939  -1.325   1.189  -5.618   2.753  -0.414   1.008  -1.649   0.070  -0.874  -0.251   0.078   1.586   1.126   0.595  -0.411   0.686  -0.666   1.312   1.340  -0.256  -0.017
61:      2.352  -5.221  -8.074  -7.134   0.268  -4.467   2.548 -11.128  14.372  -5.911  -7.097  -1.030   0.886   1.205   0.055  -1.037  -2.510  -1.508  -0.037   0.062  -4.185   1.442   0.627   3.394  -1.287   0.035  -1.390   0.688   0.398   2.502   1.479   0.730  -0.749   1.782  -1.522   1.224   0.665   0.549  -0.035
62:      0.746  -5.377  -9.678  -8.989  -1.224  -4.705  -1.266 -14.906  12.271  -5.568  -5.533  -2.223   0.891  -0.116   1.661  -0.906   0.258   0.391   0.787  -1.193  -2.049  -1.014   1.812   2.071  -0.855  -0.009  -1.679   1.278   0.690   2.774   1.295   0.531  -0.159   2.618  -1.935   0.358  -0.154   0.861  -0.043
63:      1.916  -2.323  -7.929  -8.099   1.356  -1.116  -1.416 -15.249  13.424  -4.232  -1.094  -2.845   0.863  -1.962   4.126   0.015   3.247   0.920   0.951  -1.244   1.432  -3.334   2.413   1.346   0.898  -0.058  -1.759   0.910   0.587   2.090   0.541  -0.103   0.679   2.668  -1.477  -0.536  -0.568   0.844  -0.039
64:      0.524   2.976  -9.983  -1.981   1.991  -1.572  -2.697 -13.264   5.089   1.076  -3.951  -0.495   0.795  -4.133   4.609   0.999   5.496   1.324   0.839   1.047   4.661  -4.532   0.482   1.263   1.561  -0.099  -0.960  -0.324   0.242   0.625   0.001  -0.401   0.982   1.623  -0.103  -1.080  -0.386   0.281  -0.029
65:     -7.350  11.234  -7.849   5.599   3.262  -1.276  -2.957  -4.787   1.293   2.831  -1.157   2.597   0.642  -5.581   3.129   0.946   5.320   0.732  -0.580   2.339   5.799  -4.183  -1.389   0.956   1.727  -0.117   0.640  -1.764  -0.371  -1.185  -0.288  -0.265   0.514  -0.164   1.422  -0.649  -0.699  -0.593  -0.024
66:    -15.286  10.889  -4.722  11.640   4.445  -0.432   4.739   3.168  -4.323  -6.689   0.811   2.862   0.506  -3.105   0.538  -0.160   2.346   0.490  -0.452   1.923   3.883  -1.103  -1.687   0.335   0.135  -0.127   1.995  -2.133  -0.721  -2.324  -0.646  -0.241  -0.576  -1.626   2.355   0.717  -0.995  -0.938  -0.021
67:    -18.082   9.364  -5.829  11.689   3.787  -4.587   6.560   5.531  -2.784  -7.295   1.305   4.114   0.423   0.726  -2.660  -1.261  -1.103  -0.104   0.272   0.888   1.002   2.061   0.251  -1.686  -1.355  -0.165   2.114  -1.407  -0.271  -1.999  -0.598  -0.135  -0.819  -1.861   1.930   1.459  -0.775  -0.736  -0.009
68:     -9.634   6.599 -11.792   6.706   4.178  -2.176   2.159   0.991   1.614  -2.298  -3.509  -0.579   0.268   2.691  -3.164  -1.500  -2.914  -1.487  -0.794  -1.109  -1.069   4.122   3.247  -2.392  -1.588  -0.178   0.538  -0.240   0.621  -0.628  -0.073  -0.074  -0.014  -0.825   0.155   0.988   0.392   0.363   0.028
69:     -6.548   0.079 -10.620   2.551   2.874   0.954   2.775   1.311   8.630   1.892  -7.429  -2.456  -0.064   2.090  -2.055   0.259  -2.045  -1.269  -1.082  -0.239  -1.032   2.857   3.439  -1.557  -1.092  -0.137  -0.962   0.773   0.996   0.666   0.803   0.138   0.792   0.504  -1.300  -0.060   1.619   1.110   0.074
70:     -7.599  -0.287  -9.825   1.641  -2.535  -7.174   1.084  -0.068  10.579   4.954  -6.780  -1.794  -0.140  -1.097  -0.966   2.184  -0.322   0.706  -0.145   2.418   0.776  -0.725   1.659   2.229   1.819   0.001  -1.202   1.048   0.725   0.982   1.380   0.663   1.018   1.041  -1.901  -1.308   1.412   0.735   0.098
71:     -8.651   2.533  -5.518   3.994   0.799  -7.497   5.900   0.901   7.020   6.274  -4.844  -0.739  -0.059  -2.189   0.108   1.876   0.933   2.814   0.639   3.086   2.599  -2.013   0.745   4.096   2.493   0.115   0.088   0.817  -0.135   0.075   0.629   0.131  -0.645   0.288  -1.079  -1.405   0.185  -0.420   0.087
72:    -14.068   0.545  -3.421   4.376   8.747   1.324  12.686   5.074  -1.203   3.807   6.343   7.656   0.271  -1.180   0.994   1.317   0.508   3.369   1.659   2.319   2.322  -2.950  -1.945   1.841   0.296   0.187   1.863   0.219  -0.545  -1.010  -0.926  -0.707  -2.613  -1.036   0.248  -0.726  -1.262  -1.760   0.041
73:    -14.258   0.202  -4.440   5.849  11.303  -0.098  12.404  11.737   4.454   6.192   6.490   5.283   0.303   2.573   1.049   0.015  -2.083   0.546  -1.327  -3.416  -0.367  -1.427  -1.786  -0.438  -2.430   0.204   2.439  -0.652  -0.225  -1.499  -1.948  -0.694  -2.939  -1.906   0.462   0.054  -1.191  -1.749  -0.000
74:    -10.698   5.847  -3.780   3.254   9.057  -2.580   9.428   6.125  -2.888  -4.730  -3.241  -3.323   0.614   5.837  -0.343   0.391  -3.865  -2.790  -2.697  -7.398  -2.920   0.220  -0.705  -1.815  -4.522   0.160   1.657  -1.147   0.180  -0.786  -1.593   0.103  -1.247  -1.475   0.177   1.222   0.180  -0.621  -0.039
75:      2.530   5.125  -5.262  -5.863   3.376 -12.180  -9.549  -1.461   0.729   1.614  -2.244  -7.401   0.791   6.495  -2.486   1.212  -4.374  -3.845  -0.651  -6.752  -4.310  -1.287   0.396  -0.033  -3.845   0.127  -0.221  -0.509   0.564   1.020  -0.278   1.293   2.149  -0.205  -0.678   0.811   0.746   0.643  -0.066
76:      6.725  -3.632  -1.054  -9.093  -1.237  -6.120 -13.326  -2.925   1.759   2.569   1.635  -8.612   0.829   5.144  -2.975   1.620  -2.274  -2.401   1.837  -2.249  -3.081  -2.134   3.074   2.541  -2.099   0.030  -1.627   0.856   0.528   2.180   0.859   0.942   3.875   0.746  -0.719  -0.152   0.534   1.537  -0.072
77:      9.504  -7.487   0.257  -9.847  -2.775  -1.585  -9.980  -5.286  -4.306   4.521   3.887 -11.296   0.829   1.814  -0.181   2.219   2.223  -1.038   2.871   4.754  -1.312  -3.639   0.380   1.111  -0.429  -0.059  -2.049   1.700   0.339   2.152   1.202  -0.162   3.029   1.136   0.510  -0.878  -0.188   1.637  -0.064
78:     11.533  -2.720   1.560  -6.125   0.129   1.309  -1.602  -7.369 -11.039   9.187   6.397 -11.870   0.743   0.045   2.787   2.525   3.737   0.102   0.251   6.226  -0.690  -2.201  -1.458   0.281   1.457  -0.109  -1.776   1.263  -0.020   0.894   0.937  -0.855   0.657   1.360   1.316  -0.953  -0.600   1.301  -0.034
79:      9.198   3.762   4.528   3.766  -2.496  -1.539   8.360  -5.797 -11.067   0.207   0.931  -7.918   0.541  -1.202   3.136   2.453   3.380   0.914  -0.667   4.156   0.172   1.295  -1.730   0.158   2.562  -0.125  -1.063  -0.028  -0.594  -0.719   0.738  -0.658  -1.335   1.603   1.044   0.194  -0.265   0.586  -0.001
80:      7.104   4.679   9.436   2.787  -0.867  -4.887   8.635  -6.119  -5.864  -2.564   4.520  -3.017   0.430  -2.226   1.681   1.401   1.619   1.308  -0.668   1.333   2.978   1.979  -0.633   0.019   2.908  -0.108  -0.464  -0.780  -0.738  -1.065   0.280  -0.006  -1.577   1.487  -0.285   0.703  -0.222  -0.387   0.020
81:      5.707   4.491   8.587   2.599   2.292  -1.823   5.679  -5.050  -0.419   1.746   5.616  -2.913   0.361  -2.365   0.230  -0.188  -0.312   2.049   0.041   0.524   4.868  -0.508   0.940  -0.084   1.774  -0.064   0.108  -0.650  -0.324  -0.586  -0.223   0.036  -0.869   0.498  -1.417   0.439  -0.110  -0.987   0.028
82:      2.147   5.319   6.534   2.555   4.275  -1.891   6.405   7.150  -6.466   5.251   4.148   0.167   0.294  -1.692   0.337   0.156   0.260   0.933  -0.134   0.157   4.400  -2.723   0.720  -0.708  -0.085  -0.037   0.651  -0.114   0.143   0.212  -0.454  -0.021  -0.313  -1.314  -0.781  -0.179   0.016  -1.059   0.022
83:     -0.146   4.593   5.040   2.325   5.178  -2.833  12.097  11.908 -13.306   0.998   0.697  -0.639   0.287  -0.931   0.558   1.458   1.128  -0.016  -0.755   0.401   1.951  -3.439  -0.214  -0.027  -0.876  -0.021   0.764   0.342   0.247   0.680  -0.309   0.014  -0.148  -2.342   0.597  -0.607   0.070  -0.412   0.007
84:      1.571   6.313  11.992   4.222   2.357  -5.051   6.211   7.400 -13.035   1.411   3.439  -4.579   0.283   0.312   0.948   1.294   1.958   0.071  -0.376  -0.170  -2.131  -0.459  -0.952   0.072  -1.063  -0.019   0.173  -0.159  -0.521   0.242   0.553   0.186  -0.105  -1.566   1.569  -0.612  -0.152   0.404   0.007
85:      1.340   6.787  13.146   7.405   3.172  -4.018   7.781   4.579 -14.329   2.598   5.836  -4.918   0.261   0.452   1.633   0.478   2.237   0.934   0.234  -0.051  -3.575   1.346  -1.260  -0.123   0.203  -0.038  -0.348  -0.766  -1.124  -0.622   0.750  -0.046  -0.495  -0.085   1.637  -0.267  -0.397   0.725   0.027
86:      2.963   8.965   8.953   9.804   5.632  -3.179   7.711   0.159  -8.249  -0.310   1.939  -3.009   0.211  -1.520  -0.993  -1.959   0.913   3.224   0.300  -0.141  -0.668   2.729  -1.819  -1.418   1.393   0.005  -0.265  -1.146  -1.122  -1.683  -0.102  -0.372  -0.724   0.831   0.723   0.641  -0.148   0.472   0.051
87:      1.419  11.430   8.950  10.718   8.212  -2.598  11.090  -2.347  -8.969  -4.441   0.831  -0.408   0.132  -1.753  -2.298  -2.537  -1.460   2.160  -1.321  -2.088   0.794   3.151  -1.116  -1.269   1.521   0.100   0.578  -0.977  -0.890  -2.062  -1.517  -0.067  -0.851   0.174   0.559   1.518   0.096  -0.301   0.060
88:     -6.069  -0.974   4.294   7.129  15.957  -4.262   3.852   7.522  -2.070  -4.166  -1.147   0.132   0.373   0.090  -2.818  -2.808  -4.611  -1.051  -1.459  -2.770  -0.162   2.253   2.183  -0.094   0.640   0.166   1.475   0.142  -0.316  -1.349  -2.449   0.654  -0.413  -1.283   0.533   1.717   0.262  -0.980   0.029
89:     -2.910   0.264   2.790   1.444   8.810 -10.083  -0.727   4.869  -1.664  -1.055   1.036   1.115   0.682   2.536  -2.342  -3.548  -5.314  -4.515   0.778  -2.993  -2.958   4.380   4.330  -0.303  -0.925   0.179   1.153   0.481   0.175   0.017  -1.450   1.130   0.244  -1.296   0.415   0.714   0.063  -0.967  -0.019
90:      5.578   0.457  -2.005  -8.612   0.080  -6.733  -0.231  -4.258  -0.639   8.913   1.369  -0.570   0.767   3.708  -0.262  -3.032  -3.904  -5.681   2.523  -1.756  -5.208   4.780   4.044  -0.588  -2.284   0.110  -0.111   0.287   0.963   1.429   0.397   0.265   0.414   0.255  -0.286  -1.169   0.115  -0.004  -0.048
91:      8.273  -0.994  -5.639  -7.980  -6.424   2.528  -1.831 -11.248  12.216  10.671  -1.944  -4.683   0.832   2.202  -1.172  -1.550  -1.728  -2.774   2.336  -1.377  -3.164   3.960   1.522  -0.708  -1.851   0.034  -1.270   0.015   1.903   2.065   1.911  -0.709   0.548   2.102  -1.885  -2.363   0.346   1.051  -0.061
92:      6.882  -1.654  -6.651  -7.680  -4.833   2.045  -4.374 -10.457  14.890  10.189  -2.599  -8.389   0.847  -0.296  -1.968   1.009   0.742   0.063  -0.911  -1.509   1.218   1.032  -2.256   0.684   1.084  -0.003  -1.538  -0.028   1.855   1.650   1.791  -0.820   0.419   2.919  -2.217  -2.156   0.343   1.380  -0.043
93:      7.447  -4.543  -2.636  -7.662  -2.605  -2.790  -5.539  -7.849  10.370   5.918  -0.521  -4.232   0.813  -1.814  -1.413   3.949   2.690   2.168  -1.052  -0.377   4.340  -3.170  -4.336   0.791   2.643  -0.070  -0.673   0.503   0.553   0.554   0.544   0.075   0.042   1.783  -1.233  -0.597  -0.005   0.445  -0.013
94:      4.512  -7.610   1.537  -5.060  -1.514  -8.631  -5.921   0.131   5.445   0.011   4.079   4.625   0.760  -1.975  -0.281   3.494   2.137   0.802   0.119  -0.160   5.637  -2.739  -3.807   0.375   2.367  -0.055   0.650   0.633  -1.214  -0.547  -0.612   1.145  -0.318  -0.283   0.398   1.271  -0.547  -0.860   0.017
95:      0.386  -5.083  10.009   4.161   2.755   2.605  -2.945   5.159   1.087  -5.920  -1.327   2.027   0.528  -0.323   0.497  -0.026   0.344  -0.425   2.195  -1.841   3.540  -0.318  -0.688  -0.579  -0.266  -0.005   1.445   0.238  -2.336  -1.297  -0.939   0.738  -0.565  -1.738   1.583   2.028  -0.409  -1.136   0.041
96:      0.539  -2.787   4.493  -2.905  -3.504  -0.057  -6.471  11.225   5.836  -2.927  -0.322   0.317   0.716   2.206   0.242  -3.076  -0.819  -1.702   3.188  -2.366   0.204   1.598   2.275  -1.367  -1.764   0.048   1.212  -0.054  -1.652  -1.022   0.027  -0.024  -0.137  -2.177   1.202   1.375  -0.190  -0.658   0.028
97:      7.821  -4.470  -4.245  -7.022  -3.734   3.898 -14.471   4.301   8.584   3.947  -1.217  -3.407   0.808   3.320  -0.486  -4.449  -2.318  -1.274   1.104  -2.101  -1.634   2.575   2.763  -0.384  -0.970   0.086   0.105   0.149  -0.054  -0.460   0.927  -0.873   0.419  -1.281   0.164   0.042   0.252   0.120   0.002
98:     11.826  -6.707  -6.714  -3.565  -6.778   6.663 -11.989   1.582   9.687   6.452  -2.811  -1.476   0.862   2.265  -0.061  -2.556  -1.644   1.359   0.543  -0.715  -2.660   1.825   1.341  -0.672  -0.573   0.040  -0.894   0.675   1.089  -0.096   1.473  -1.052   0.205  -0.281  -0.966  -0.593   0.571   0.303  -0.021
99:     11.343  -5.551  -6.632  -7.099  -1.979   4.763 -10.690   1.810  12.035   3.203  -2.004  -1.926   0.885   0.174   1.394  -0.555  -1.545   2.678  -0.849  -0.571  -1.434   0.391  -0.010   0.333  -0.262   0.011  -1.156   0.914   1.442   0.441   1.114  -0.653  -0.045   0.306  -1.852  -0.208   0.545   0.184  -0.033
100:    10.103  -2.553  -7.093 -11.085   2.415   2.227 -11.934  -0.827  13.233   4.150  -3.291  -3.287   0.878  -0.693   2.679   0.424  -1.683   3.688  -1.096  -2.107  -1.302  -2.141   0.696   1.127  -0.601  -0.017  -0.870   0.676   1.140   1.123   0.455  -0.319   0.554   0.553  -1.810   0.073   0.338   0.022  -0.040
101:     9.555   0.423  -6.830 -10.989   5.058   1.869 -17.354  -1.665   8.766   5.047   0.687  -3.814   0.853  -0.982   2.716   1.270  -0.091   3.132  -1.341  -1.628  -0.782  -4.702   2.048   1.440  -0.036  -0.051  -0.407   0.096   0.744   1.799  -0.099   0.135   1.673   0.305  -0.851  -0.042  -0.195  -0.121  -0.048
102:     9.258   3.702  -4.497 -10.037   8.146   2.628 -19.191  -3.190   0.617   9.011   1.481  -3.538   0.793  -1.508   2.658   2.231   3.245   3.408  -0.807   2.583  -0.220  -4.678   0.676   0.463  -0.577  -0.127  -0.251  -0.514   0.269   1.799  -0.841   0.236   2.269   0.453   0.767  -0.608  -0.563  -0.149  -0.046
103:     6.854   4.903  -1.578  -8.079  10.815  -2.142 -15.201  -0.917  -5.166  11.011   2.809  -1.982   0.670  -1.451   1.886   2.262   4.987   2.324  -0.318   5.450  -0.452  -2.597  -0.212  -0.310  -0.881  -0.175  -0.240  -0.968  -0.359   0.795  -1.383   0.276   1.390   0.573   2.160  -0.626  -0.488   0.003  -0.029
104:     3.914   8.499   1.437   3.686  16.575   0.199  -0.096  -2.299  -3.193   4.550  -2.036  -7.087   0.336  -1.715   0.525   1.275   4.770  -0.114  -0.427   5.697   0.796   0.639  -1.216  -0.813  -0.922  -0.183  -0.160  -1.226  -0.839  -0.841  -1.709  -0.130  -0.427   0.638   2.185   0.083   0.127   0.583   0.002
105:     4.971   7.456   1.511   7.088  12.461   1.492   0.349  -4.369  -2.315   6.219   0.897  -6.446   0.207  -2.081  -1.057  -0.047   3.120  -2.024  -0.153   3.767   1.577   3.441  -0.134  -0.365   0.149  -0.170  -0.223  -0.953  -0.948  -1.787  -1.153  -0.604  -1.242   0.537   1.128   0.375   0.673   0.927   0.023
106:     1.623   5.049   0.334   6.231   6.751  -1.326   1.519   2.515   2.388   5.327  -1.626  -5.914   0.109  -1.995  -2.000  -0.809  -0.024  -2.965  -1.539   1.288   1.955   3.227   1.053   1.127   1.822  -0.117  -0.357  -0.792  -0.144  -2.084  -0.099  -0.482  -1.477   0.448  -0.495  -0.143   1.194   0.814   0.055
107:    -2.404   1.341  -1.259   6.247   5.609  -2.147   2.828   4.562   9.250   9.953   0.781  -1.822  -0.068  -2.426  -1.616  -1.434  -1.549  -2.017  -2.783   1.443   1.653   1.750   0.530   2.083   2.381  -0.093  -0.364  -0.557   0.597  -1.916   0.527  -0.065  -1.384   0.594  -1.719  -1.005   1.160   0.299   0.082
108:    -2.373   1.559  -1.225   3.987   5.173  -5.679   5.106   3.012   7.159   7.947   3.658  -0.290  -0.113  -3.330  -3.158   1.248  -3.316  -0.611  -1.524  -0.525   2.996  -0.992  -2.261   3.934   2.034   0.054  -0.113  -0.037   0.929  -0.950   0.884   1.001  -1.305   0.458  -1.634  -1.180   0.302  -0.375   0.087
109:    -5.162   1.123  -4.880   0.462   3.166 -10.247   5.772   3.648   4.050   7.561   8.670   2.646  -0.147  -3.233  -3.264   1.907  -4.816  -0.568  -0.488  -2.249   4.026  -3.045  -3.503   4.031   1.537   0.153   1.015   0.974   0.589  -0.114   0.500   1.943  -1.193  -1.009  -0.893  -0.227  -0.963  -0.711   0.071
110:   -13.647 -10.633   8.385  -7.455   4.918  -4.894  -2.577  17.953   0.029  -4.781  14.100   2.023   0.420  -2.157  -1.361   2.162  -3.138   0.728   2.319  -3.389   3.059  -2.548  -2.833   1.664   0.371   0.196   2.481   2.078  -0.845   0.899  -0.364   1.826  -0.179  -3.252  -0.054   1.300  -1.975  -0.644   0.015
111:   -12.934  -8.882   3.472 -12.113   2.897  -4.980  -4.575  17.221  -2.411  -1.197  15.716   4.706   0.431   2.063   2.356   1.056  -2.209  -0.186   5.012  -3.089  -3.425  -1.936  -0.318  -1.597  -0.343   0.193   2.899   1.728  -1.329   1.297  -0.932   1.057   0.817  -3.861   0.259   1.789  -1.817  -0.298  -0.018
112:    -9.271  -0.243   5.411  -5.416   8.947   3.284  -6.664  11.520  -2.349  -1.838   8.457   0.534   0.578   6.429   4.424  -2.552  -0.124  -2.624   4.855  -0.998  -9.540  -1.815   2.645  -3.128  -0.248   0.107   1.956   0.267  -1.341   0.648  -1.282  -0.390   1.419  -2.337   0.227   1.388  -0.668   0.215  -0.033
113:     2.962   7.708   1.886 -11.601   0.220  10.726  -7.630 -10.263  -4.441   4.498   3.510   1.677   0.738   6.967   2.481  -2.382   0.160  -3.554   3.529   0.643  -8.979  -2.117   2.704  -2.658   0.359   0.107  -0.089  -1.210  -0.640   0.323  -0.544  -1.322   1.218   0.809   0.532   0.279   0.496   0.247  -0.034
114:    10.549   3.193  -3.581  -8.331  -6.862  11.526  -6.038 -16.006  -8.030   5.598   4.563   2.299   0.803   5.172  -0.087  -2.822  -1.082  -4.000   1.113   1.840  -5.851  -1.323   2.594  -1.147   1.097   0.073  -1.552  -1.454   0.243   0.084   0.429  -1.127   0.402   2.389   1.079  -0.456   0.883  -0.255  -0.025
115:    11.991   1.808  -3.942  -9.857  -6.969   8.543  -1.673 -13.909 -10.158   8.604   4.371   5.617   0.854   2.245  -1.436  -2.009  -0.116  -2.220   0.275   1.583  -1.226   0.479   1.103  -0.108   0.220   0.039  -1.717  -0.896   0.271   0.750   1.207  -1.083  -0.192   1.934   1.046  -0.502   0.552  -0.688  -0.029
116:    12.076   2.270  -5.788 -11.696  -7.460   9.940  -0.442 -15.912  -6.107   9.079   2.291   4.048   0.887   1.031  -0.886  -1.525   0.433  -1.145   0.847   0.544  -1.469   2.279   1.165   0.013  -1.452   0.018  -1.214  -0.513   0.441   1.515   1.759  -1.180  -0.521   1.211   0.595  -0.566  -0.217  -0.498  -0.025
117:    13.424   0.989  -7.055 -10.497 -10.580  12.896  -2.513 -16.440  -3.006   8.274   4.104   1.905   0.890   0.451  -1.599  -1.675   3.153   1.052  -1.754   0.331  -1.501   1.309   0.906  -0.478  -1.808  -0.009  -0.572  -0.383   0.444   1.165   1.367  -1.106  -0.805   0.869   0.294  -0.535  -0.796   0.298  -0.015
118:    14.990  -0.825  -9.650  -5.848 -10.782  13.584  -2.897 -22.087  -0.209  11.589   4.759  -3.103   0.873  -0.003  -2.573  -0.784   4.861   3.161  -3.773  -0.140   0.339   1.238  -0.138  -2.047  -0.378  -0.028  -0.275  -0.264   0.381   0.265   0.207  -0.377  -1.044   1.536   0.392  -0.691  -0.736   0.772  -0.002
119:    12.787  -4.640 -10.385   2.986  -0.051  -2.047   1.211 -18.327  -6.562  11.879   0.749   0.151   0.816  -0.096  -2.506  -0.162   3.497   2.463  -2.946  -2.101   2.215   2.468  -0.918  -3.057   1.171  -0.015   0.007   0.239   0.269  -0.937  -1.478   1.244  -1.077   1.529   0.883  -0.423  -0.134   0.415   0.012
120:    12.381  -7.781  -8.041   5.865   3.081  -1.454  -3.006 -13.273   1.863   6.589  -6.268   3.036   0.783  -0.069  -1.752  -0.378   1.584  -0.814  -0.444  -3.461   4.353   3.658  -1.380  -2.380   0.919   0.009   0.182   0.562  -0.026  -1.291  -2.184   1.638  -0.366   0.840   0.306   0.148   0.691  -0.410   0.017
121:    14.249  -8.063  -8.671   1.130  -5.196   5.685 -12.962  -9.771   8.300   6.185  -5.668   4.691   0.861   0.517  -0.814  -0.532   0.107  -4.351   2.800  -3.392   4.139   4.513  -0.586  -0.982  -0.384   0.032   0.114   0.486   0.014  -0.664  -1.203   0.672   0.955  -0.020  -0.613   0.457   0.992  -0.864   0.008
122:    13.915  -7.875 -12.396   3.002 -12.281   7.496 -13.115  -4.599  10.647   7.535  -3.932  -0.779   0.895   0.599  -0.611  -0.727   0.099  -4.354   1.545  -1.323   3.575   1.746   0.438   0.368  -1.651   0.033  -0.070   0.281   0.242  -0.217   0.435  -0.587   1.560  -0.828  -1.188   0.256   0.828  -0.611  -0.002
123:    14.602  -8.661 -10.866   4.950 -14.123   7.479 -10.693  -1.971  11.611   8.477  -5.329   0.139   0.922   0.142  -0.648   0.085   0.921  -1.780  -0.578   1.605   2.502   0.357   0.456   0.527  -1.865   0.014  -0.288   0.188   0.256  -0.091   1.397  -1.098   1.120  -0.848  -1.273  -0.138   0.529  -0.091  -0.009
124:    15.202 -10.539 -10.579   4.448 -14.225   5.373 -10.756   0.705   8.935   7.633  -4.598  -2.943   0.916  -0.230  -0.432   0.524   0.092   0.077  -1.690   1.840   1.034  -0.203  -0.623   1.006  -1.396   0.006  -0.280   0.295   0.087  -0.228   1.233  -0.517   0.184  -0.754  -0.591  -0.398   0.230   0.452  -0.008
125:    14.318  -9.972  -9.155   5.011 -13.123   3.856  -6.114   0.089  10.943   8.415  -2.701  -3.553   0.921  -0.510   0.036   0.122  -0.346   0.418  -1.074   0.625   1.168  -0.877  -0.747   1.345  -0.967  -0.000  -0.046   0.345  -0.204  -0.345   0.609   0.223  -0.667  -0.609  -0.169  -0.367   0.081   0.789  -0.005
126:    12.908  -9.379 -10.629   3.431 -12.398   0.858  -6.206  -0.461   9.965   4.449  -0.217  -5.913   0.927  -0.475   0.521  -0.309  -0.409   0.712  -0.792   0.088   0.473  -0.591  -0.950   1.107   0.161  -0.001   0.118   0.344  -0.202  -0.178   0.422   0.494  -0.635  -0.571  -0.072  -0.006  -0.104   0.916  -0.006
127:    13.200  -9.059 -10.229   3.731 -12.945   4.368  -9.845   4.453   6.713   6.333  -0.793  -3.211   0.914   0.035   0.601  -0.518  -0.552   0.948   0.087  -0.852  -0.265  -0.296  -1.215   0.880   1.303  -0.009   0.037   0.377   0.136  -0.110   0.770   0.144   0.081  -0.758  -0.523   0.024  -0.060   0.684  -0.010
128:    13.385  -8.390 -11.590   3.043 -10.753   1.155  -8.448   0.889   8.096   3.921  -0.019  -2.308   0.915   0.090   1.008  -0.166  -0.697   1.922   0.198  -0.595  -1.102  -0.854  -0.418   0.718   2.050  -0.021  -0.319   0.329   0.575   0.044   1.019  -0.123   0.767  -0.642  -1.379  -0.099   0.156   0.227  -0.017
129:    14.254  -7.461 -11.267   2.444  -9.205   4.141  -9.254  -1.910  10.395   2.601   1.600   1.159   0.880  -0.605   1.680   0.729  -0.749   3.664  -0.848   1.371  -1.835  -3.360  -0.894   1.241   1.509  -0.038  -0.717   0.224   0.875   0.118   0.976  -0.404   1.162  -0.297  -1.584  -0.291   0.127  -0.092  -0.020
130:    12.831  -5.141 -10.941   0.592  -4.656   1.961  -9.475  -2.792   3.856   4.223   2.177   2.150   0.837  -1.749   1.626   1.941  -0.089   4.449  -0.940   2.813  -1.952  -5.954  -1.607   1.708   1.195  -0.070  -0.719  -0.106   0.744   0.205   0.246  -0.322   0.745   0.131  -0.549  -0.691  -0.077  -0.042  -0.017
131:    10.452  -2.283  -6.910   1.210   2.326  -0.273  -2.474  -2.883  -7.968   1.711   4.312   2.104   0.761  -2.629   1.413   2.804  -0.266   4.566  -1.365   3.256  -1.325  -5.668  -2.075   1.018   1.269  -0.086  -0.307  -0.409   0.186   0.143  -0.666  -0.099  -0.329   0.676   1.183  -0.626  -0.388   0.256  -0.005
132:     6.542  -2.848  -4.064   3.217   5.724  -1.336   2.226  -8.385 -12.492  -3.671   7.166   3.197   0.627  -2.494   0.613   2.518   0.088   2.699  -1.155   2.186  -0.703  -2.445  -3.283   0.443   1.962  -0.083   0.292  -0.365  -0.505   0.108  -1.240   0.065  -1.005   1.098   2.115  -0.206  -0.437   0.311   0.014
133:     4.252  -1.540  -0.688  -0.198   8.436  -1.036   1.177  -5.740  -9.769  -3.829   4.197   6.981   0.556  -1.766   0.143   1.369  -0.122   1.209  -1.237   0.038   0.920   0.801  -3.184  -0.067   2.404  -0.058   0.719  -0.251  -0.906   0.153  -1.389   0.386  -0.943   0.653   1.594   0.363  -0.126   0.118   0.027
134:     3.462  -2.448  -1.462   1.738   5.785  -3.433  -0.368  -4.879  -7.466  -9.424   4.448   9.520   0.524  -0.718   0.437   0.135   0.377  -0.072  -0.681  -0.602   2.417   1.388  -2.085   0.065   2.185  -0.016   0.853  -0.061  -0.738  -0.302  -0.920   0.876  -0.479  -0.553   0.467   1.058   0.028  -0.361   0.033
135:     3.163  -1.768  -1.368   1.341   8.338  -5.410  -0.986  -0.034  -6.476 -11.333   5.336  10.963   0.523   0.079   0.247  -0.535   0.355  -0.992   0.329  -0.064   0.380   0.388  -0.858   0.577   1.750   0.017   0.828  -0.060  -0.321  -0.667  -0.484   1.199  -0.061  -1.655  -0.276   1.228  -0.071  -0.649   0.029
136:     3.495  -0.550  -3.050   4.334   5.411  -2.555   0.299   0.849  -7.197 -10.345   6.920  12.130   0.565   0.851   0.257  -0.219  -1.658  -0.802   2.442  -0.158  -3.199   0.098   0.842   0.263   0.485   0.045   0.697  -0.286   0.029  -0.777  -0.235   1.036  -0.427  -1.504  -0.088   0.851  -0.252  -0.684   0.018
137:     4.633  -1.254  -2.569   0.278   3.665   0.171   0.525  -6.706  -7.964  -7.660   5.847  14.427   0.623   1.590  -0.065  -0.057  -2.438  -0.845   3.198  -0.490  -4.548   0.065   1.493  -0.522   0.011   0.057   0.507  -0.387   0.012  -0.273  -0.386   0.572  -1.074  -0.055   0.837   0.492  -0.332  -0.709   0.008
138:     6.981  -1.420  -1.959  -6.020   4.110   5.988  -1.913 -17.537  -6.235  -7.052   5.507  10.212   0.702   2.010  -0.839   0.043  -2.113  -1.322   3.066  -2.525  -2.637   1.112   0.992  -0.644  -0.367   0.056   0.143  -0.306  -0.194   0.445  -0.676   0.020  -1.379   1.349   1.542   0.302  -0.115  -0.812  -0.002
139:     9.371  -1.660  -2.199  -5.671   4.764   6.306  -2.331 -13.580  -6.630  -5.513   3.433  11.974   0.739   2.032  -1.140  -0.606  -0.783  -2.664   2.876  -4.249  -0.175   4.067   1.527  -0.629  -1.367   0.050  -0.302   0.092  -0.232   0.393  -0.343  -0.321  -1.114   1.438   1.492   0.479   0.072  -1.115  -0.009
140:    11.174  -4.541  -3.021  -3.255  -1.750   9.710 -10.896  -8.896  -2.302  -6.461   4.906  11.522   0.788   1.343  -0.735  -0.916  -0.259  -3.271   2.702  -5.175   1.362   5.809   2.337  -0.260  -2.886   0.037  -0.697   0.699  -0.038  -0.099   0.629  -0.861   0.157   0.637   0.340   0.669  -0.007  -0.954  -0.012
141:    12.699  -5.392  -5.065  -5.021  -6.723  12.691 -16.228 -11.901  10.405  -0.322   3.004   6.939   0.830   0.413   0.342  -0.738  -1.402  -1.586   1.776  -4.737   0.641   5.177   3.217  -0.351  -4.306   0.024  -0.871   1.075   0.196  -0.330   1.486  -1.338   1.402  -0.165  -1.495   0.283  -0.068  -0.174  -0.014
142:    12.032  -3.228  -5.107  -7.640  -6.499  16.306 -20.838 -11.567  14.292   2.039   4.422  -1.702   0.840  -0.663   1.913  -0.079  -2.300   1.286  -0.689  -1.496   0.139   2.258   3.493  -0.816  -3.669   0.007  -0.684   1.037   0.173   0.022   1.470  -1.296   2.109  -0.799  -2.407  -0.415  -0.038   1.021  -0.013
143:    11.009  -0.606  -4.848 -10.487  -0.793  11.886 -21.044  -9.041  10.956   6.321   1.918  -2.946   0.833  -1.321   2.911  -0.043  -1.415   2.486  -2.120   0.922  -0.390  -1.632   2.366  -0.692  -1.845  -0.007  -0.292   0.612   0.029   0.644   0.602  -0.486   1.838  -0.953  -2.194  -1.199   0.261   1.872  -0.010
144:     8.701   2.633  -3.522 -12.020   1.716   6.666 -15.967  -9.631   8.712   7.682   1.369  -1.881   0.823  -1.210   3.166  -0.397  -0.144   2.041  -1.832   2.539  -2.116  -2.820   0.690  -0.281   0.989  -0.014   0.131   0.004   0.036   0.820  -0.333   0.634   0.761  -0.693  -1.308  -1.394   0.438   1.809  -0.006
145:     7.758   6.233  -6.073  -9.907   1.600   6.912 -14.054 -14.818   5.033   8.685   1.072  -2.198   0.803  -0.771   2.774  -0.434   0.740   1.047  -0.085   2.435  -2.996  -3.254  -1.378   0.687   2.726  -0.017   0.347  -0.448   0.362   0.293  -0.658   1.072  -0.132   0.053  -0.320  -0.926   0.197   1.116  -0.002
146:     7.607   9.181  -6.482  -8.648   2.510   9.634 -11.638 -19.256   3.155   4.306   3.439   2.870   0.784  -0.284   1.999   0.295   0.720   0.342   1.466   1.554  -2.022  -3.469  -1.605   0.683   3.088  -0.017   0.266  -0.653   0.605  -0.289  -0.566   0.644  -0.665   0.960   0.118  -0.111  -0.256   0.057   0.002
147:     7.700   9.990  -5.535  -8.471   4.043   9.976 -11.035 -19.209  -2.536   1.121   4.320   8.309   0.768  -0.048   1.254   1.423  -0.383   0.047   1.591   0.756  -0.171  -2.906  -1.115  -0.187   2.688  -0.013   0.098  -0.635   0.563  -0.554  -0.371  -0.186  -0.601   1.328   0.381   0.471  -0.480  -0.716   0.004
148:     7.308  10.752  -2.316  -9.138   2.202  12.462  -9.707 -17.544  -4.849   3.440   3.160   8.307   0.755  -0.241   0.660   1.700  -1.027  -0.290   0.548   0.056   1.275  -2.406   0.004  -1.125   1.291  -0.008   0.037  -0.469   0.204  -0.471  -0.043  -0.834  -0.279   1.069   0.407   0.406  -0.194  -0.931   0.005
149:     7.667  11.717  -1.042 -11.578   1.986  13.450 -11.237 -16.532  -5.494   3.545   0.279   8.522   0.751  -0.302   0.270   1.681  -1.154  -0.491  -0.555   0.177   1.994  -1.880   0.175  -0.807   0.045  -0.001   0.071  -0.300  -0.134  -0.026   0.184  -0.902   0.103   0.583   0.305  -0.008   0.343  -0.845   0.004
150:     6.417  11.619  -0.231 -12.230   2.087  10.635 -11.259 -14.222  -7.396   3.116  -0.164   9.220   0.755   0.026   0.147   1.184  -1.251   0.395  -1.633   0.451   2.240  -1.948  -0.222   0.024  -0.247   0.003   0.153  -0.123  -0.225   0.266   0.291  -0.382   0.186   0.088   0.347  -0.421   0.652  -0.459   0.002
151:     6.637  10.906   1.829 -12.692   1.645   8.113  -9.372 -10.898 -10.662   2.156   1.947   8.078   0.762   0.173   0.013   1.013  -0.400   0.626  -1.828   1.073   2.259  -1.608  -1.039   0.955  -0.769   0.001   0.082   0.027  -0.164   0.444   0.056   0.293   0.011  -0.394   0.532  -0.487   0.451  -0.151  -0.001
152:     7.955  11.890   2.168 -14.836   4.348   6.968  -8.386  -9.161 -12.004   3.026   2.444   7.296   0.761   0.285   0.172   0.910  -0.076   0.609  -0.726   0.536   1.583  -0.808  -1.493   1.256  -0.595  -0.001  -0.185  -0.036   0.101   0.549  -0.363   0.723   0.000  -0.726   0.715  -0.328   0.012  -0.015  -0.003
153:     7.764  11.648   2.823 -12.276   3.984   6.141  -7.311  -7.765 -11.230  -1.605   3.749   5.638   0.754  -0.020   0.390   1.000   0.477  -0.320   0.456   0.187   0.351   0.212  -1.624   0.830  -0.537  -0.005  -0.535  -0.155  -0.001   0.367  -0.075   0.657   0.219  -0.823   0.659   0.111  -0.336   0.019  -0.005
154:     7.280  12.110   3.820 -12.818   3.961   7.992  -9.612  -7.873 -11.154  -2.469   5.215   7.464   0.752  -0.802  -0.222   1.697   1.054  -0.946   0.840   0.894  -0.438   0.715  -1.568   0.146  -0.440  -0.010  -1.022  -0.223  -0.339   0.331   0.631   0.075   0.657  -0.339   0.404   0.368  -0.223  -0.024  -0.009
155:     6.874  12.748   6.003 -11.318   0.236   9.883  -7.823  -9.789 -10.025  -3.217   4.713   5.310   0.741  -1.961  -0.563   0.615   0.870   1.028   0.672   1.990  -0.847   0.925  -0.446  -0.170  -0.750  -0.021  -1.519  -0.200  -0.567   0.472   1.361  -0.655   0.759   0.741   0.319   0.207  -0.073   0.063  -0.014
156:     4.392  10.229   9.062 -10.046   1.490   9.298  -3.663 -10.340  -9.031  -4.007   2.693   5.261   0.716  -3.857  -0.467  -0.593   1.383   3.089  -0.460   2.917   0.489   0.854  -0.241   0.642  -0.608  -0.039  -1.648  -0.240  -0.853   0.335   1.069  -0.838   0.682   1.753   0.328   0.033   0.074   0.058  -0.013
157:    -0.596   9.774   3.279  -9.311  10.362   8.848  -0.333 -10.765  -7.665  -3.065   4.158   2.989   0.668  -6.090  -0.485  -0.689   2.673   4.466  -2.167   2.970   3.592   1.737  -1.253   0.219  -0.139  -0.061  -1.113  -0.521  -0.600   0.049  -0.388  -0.696   0.278   1.893   0.316  -0.014  -0.090  -0.039  -0.004
158:    -8.268  11.260   2.215  -6.908  14.344   6.208   1.228  -4.942  -8.067  -3.752   8.701   5.582   0.593  -6.977  -1.463  -1.914   1.830   2.679  -1.931   3.813   6.105   1.949  -1.001   0.320  -0.455  -0.057   0.153  -0.555  -0.273  -0.540  -1.581  -0.467  -0.411   0.639   0.015   0.329  -0.619  -0.368   0.010
159:   -17.245   9.806   5.983   0.480  16.139   0.590   4.583   5.472  -1.822  -9.612   2.806   4.456   0.497  -5.963  -2.670  -1.723   0.892  -0.704  -2.071   2.930   5.807   1.959  -0.137  -0.460  -1.022  -0.033   1.553  -0.081  -0.032  -1.015  -1.835  -0.255  -0.907  -1.296  -0.660   0.711  -0.667  -0.448   0.020
160:   -22.170   2.900  -1.862  -5.793  11.996   3.774  12.947  12.069  -2.208  -5.738   4.969   2.253   0.514  -3.153  -2.149  -1.442  -0.427  -2.233  -2.842   0.882   2.575   0.816   0.845  -2.113  -2.009  -0.005   2.213   0.702   0.532  -0.611  -0.919  -0.182  -1.256  -2.379  -0.939   0.183  -0.560   0.060   0.017
161:   -23.461   0.605  -3.300  -5.410   8.013  -0.292   8.460   9.767  -0.800  -2.757   3.727  -0.455   0.540  -0.236  -0.546  -1.083  -1.272  -2.251  -2.987  -0.101  -1.123  -0.996   1.376  -1.898  -1.601   0.013   1.937   1.029   0.566  -0.108   0.126   0.344  -0.792  -2.000  -0.710  -0.451   0.061   0.698   0.005
162:   -20.925   5.116  -0.353  -6.096   7.240  -7.562   3.698   5.785  -4.498  -2.956  -2.326  -2.009   0.547   1.224   0.988   0.425  -0.146  -1.145  -2.385  -0.951  -2.323  -1.271  -0.844  -1.761   0.133   0.002   1.087   0.567   0.332   0.439   0.625   0.746  -0.202  -0.711   0.178  -0.501   0.747   1.061  -0.006
163:   -19.049   5.967  -0.186  -5.728   7.261  -8.679   8.701   3.001  -5.656  -4.122  -3.038  -1.418   0.547   1.532   0.908   0.173   0.211  -0.621  -0.582  -0.111  -1.744  -0.546  -1.549  -0.333   1.396  -0.013   0.679  -0.006   0.300   0.845   0.480   0.808  -0.158   0.353   0.867  -0.196   0.427   0.849  -0.004
164:   -18.256   5.159  -1.294  -6.361   6.649  -3.957   8.069   3.837  -6.133  -9.277  -0.454   3.397   0.523   1.397  -0.039  -0.409   1.026   0.075  -0.314  -0.123  -0.671   1.482  -0.198   0.839   1.797  -0.021   0.967  -0.400   0.270   1.039  -0.452   0.616  -0.389   0.357   1.032   0.526  -0.332   0.226   0.010
165:   -17.137   5.123  -1.962  -4.224   5.206  -5.004   5.718   2.020  -2.714  -7.339   1.126   3.819   0.487   3.072  -0.065   0.833   2.367  -0.462   0.016  -1.308  -0.185   1.961   0.075  -1.062   1.811   0.006   1.232  -0.409   0.576   0.832  -1.435   0.483  -0.586  -0.073   0.836   0.436  -0.842  -0.189   0.023
166:   -14.893   5.342  -1.512  -1.717   8.643 -10.970   4.575   2.922   1.439  -2.335  -0.215   4.355   0.471   5.287  -0.528   1.443   3.970  -3.486   0.394  -2.296  -1.315   2.635   0.972  -3.054   1.054   0.044   0.851  -0.131   0.582   0.070  -1.874   0.367  -0.387  -0.374   0.388   0.037  -0.554  -0.426   0.023
167:    -5.371   5.550   4.087   3.784   3.953  -5.093   3.907   2.532   0.363  -7.218  -8.470   7.157   0.603   5.746  -0.894   2.125   2.897  -6.017   1.479  -1.953  -1.785   3.056   0.045  -2.595   0.823   0.070  -0.472   0.255  -0.040  -1.029  -0.726  -0.323  -0.067  -0.152   0.072   0.310   0.462  -0.590   0.005
168:     2.296   2.307   2.896   9.485 -10.155  -1.943  -2.506  -2.995   5.503  -4.475 -10.925   6.998   0.687   4.316  -0.279   1.856   1.111  -6.515   0.789  -1.736  -1.742   2.875   0.000  -1.167   0.163   0.064  -1.714   0.805  -0.435  -1.803   1.487  -0.793   0.135   0.409  -0.489   0.533   1.110  -0.395  -0.016
169:     2.997   2.170   6.461   4.662 -15.481  -2.125  -0.504  -3.946  10.535  -6.043  -6.493   6.614   0.727   1.198   1.087   0.424  -1.347  -2.579  -1.797  -1.925  -0.734   2.202   2.109   0.302  -0.693   0.023  -1.869   0.522  -0.788  -1.292   3.260  -0.609   0.072   1.008  -0.836   0.343   0.913  -0.399  -0.029
170:     2.503   5.636   6.584   3.398 -14.215  -8.511  -1.900  -2.548  10.731  -2.921  -7.040   5.440   0.727  -1.008   2.507   0.120  -2.923   2.230  -1.936  -1.637   0.206   0.617   2.607   1.046  -0.165  -0.013  -1.075  -0.473  -0.722  -0.445   3.158   0.264  -0.019   1.238  -0.563  -0.458   0.602  -0.382  -0.026
171:     0.515   9.323   4.364   0.093  -6.912 -10.794  -6.019  -1.361   8.759   2.550  -8.904   4.472   0.696  -0.938   0.322  -0.948  -1.544   5.909  -0.202  -1.642   2.280   0.004   0.455   0.864  -1.010  -0.039   0.236  -1.424  -0.426   0.432   1.122   1.007   0.076   1.189   0.029  -1.254   0.081  -0.405  -0.008
172:    -1.503  11.268   4.547  -2.846  -3.291  -7.287  -7.936  -3.257   9.477   4.262  -4.492   7.244   0.636   0.010  -2.263  -1.067  -1.014   5.028   1.311  -1.974   2.942   1.161  -1.462   1.564  -1.591  -0.035   0.984  -1.603  -0.272   0.786  -1.013   0.568   0.465   0.905  -0.010  -0.801  -0.683  -0.410   0.010
173:     0.311   0.962   2.740   0.062   8.604  -3.748  -5.693   7.810  11.184  -7.357  -3.448   0.659   0.576   1.868  -3.645  -1.114  -0.142   1.632   1.616  -1.375   3.841   2.074  -2.126   0.449  -2.004  -0.009   0.776  -0.467   0.022   0.431  -2.441  -0.184   1.145   0.003  -0.865   0.640  -1.175   0.232   0.020
174:     2.658  -1.498   2.062  -1.658   3.168  -5.478 -11.932   7.575  15.322  -5.277  -1.947  -0.608   0.611   2.510  -3.522  -1.158   0.307  -0.697  -0.003   0.554   3.950  -0.467  -0.105  -2.164  -1.720   0.020   0.115   0.499   0.034   0.319  -1.965  -0.366   1.671  -0.587  -1.835   1.323  -1.111   0.630   0.015
175:     7.775  -2.519   0.039  -1.211  -1.979  -3.617 -10.898  12.430  16.205  -3.313  -7.932  -1.624   0.666   1.691  -1.385  -0.793  -0.052  -3.434  -0.465   2.819   1.793  -3.508   2.978  -3.145   0.214   0.031  -0.606   0.879   0.122   0.065  -0.714  -0.119   1.331  -1.157  -1.788   1.044  -0.092   0.679   0.002
176:     7.317  -4.604   0.109  -0.673  -1.485  -7.368  -2.562  14.184   4.629   1.713 -13.072  -0.214   0.691   0.674  -0.899  -1.059   0.538  -2.261   0.524   4.281   1.033  -5.222   2.599  -2.195   0.448   0.018  -0.735   0.739   0.226  -0.102   0.331   0.307   0.201  -1.256  -0.278  -0.026   1.109   0.291  -0.007
177:     6.434  -4.409  -0.247  -0.689  -6.239  -5.126   3.718  13.472  -1.009   4.037 -13.611   1.532   0.689  -0.245  -0.564  -0.553   0.068  -1.154   0.758   3.415  -0.484  -4.487   1.741   0.007   0.306   0.002  -0.429   0.288   0.252  -0.054   0.995   0.289  -1.050  -0.757   1.149  -0.866   1.519  -0.294  -0.009
178:     6.698  -5.050  -3.088   0.770  -6.008  -2.101   2.167  12.217  -2.183   4.041 -10.083   0.055   0.691  -0.195  -0.236  -0.148  -0.265  -0.182   0.919   1.263  -1.189  -1.369   0.383   1.806  -0.309  -0.003  -0.104   0.265   0.297  -0.067   0.641   0.007  -1.594  -0.407   1.783  -0.797   1.166  -0.437  -0.005
179:     6.858  -5.115  -1.129  -1.592  -5.486  -2.459   3.813  10.992  -2.821   4.227  -9.394  -0.228   0.677  -0.022  -0.279   0.013   0.079   0.504   0.782  -0.922  -0.879   0.309  -0.246   2.451  -0.879  -0.003   0.158   0.305   0.180   0.141   0.187  -0.220  -1.153  -0.253   1.707  -0.592   0.619  -0.402  -0.001
180:     6.129  -5.429  -0.192  -1.546  -2.770  -4.105   3.707   9.479  -1.309   3.532  -6.149  -0.879   0.681   0.044   0.281   0.141   0.199   0.118   0.546  -1.521  -0.806   1.293  -0.395   2.411  -1.146  -0.003   0.197   0.434   0.254   0.314  -0.365  -0.507  -0.270  -0.315   1.174  -0.336   0.193  -0.278  -0.003
181:     6.610  -5.614  -1.632   0.864  -5.340  -0.215  -1.662  10.446   0.100   3.061  -3.324  -2.395   0.681   0.423   0.702   0.200   0.540  -0.368  -0.157  -0.957  -1.942   2.720  -0.828   2.799  -1.284  -0.004   0.132   0.595   0.383   0.264  -0.557  -0.875   0.744  -0.457   0.778  -0.140   0.045  -0.139  -0.008
182:     7.043  -3.394  -2.131   0.535  -5.493  -0.494  -2.700   8.463   2.822   2.647  -1.062  -4.591   0.676   0.566   1.445   1.026   1.075  -1.572  -1.146  -0.069  -2.232   3.296  -1.005   2.598  -1.497  -0.018  -0.040   0.608   0.323   0.091  -0.323  -0.720   1.157  -0.117   0.124  -0.071  -0.088   0.086  -0.013
183:     8.514  -2.621   0.839   0.070  -5.967  -5.048   2.234   1.791   8.712   0.529   2.059  -4.790   0.659   0.380   2.116   1.486   0.962  -1.437  -2.749   2.070  -2.449   3.200  -0.639   2.584  -1.397  -0.035  -0.365   0.469   0.013  -0.233   0.334   0.041   0.631   0.368  -0.792   0.300  -0.224   0.435  -0.015
184:     8.007   0.299   3.703   4.224 -10.318  -7.419   1.414   2.648  10.867  -0.228   4.152  -7.167   0.601  -0.132   2.613   1.114   0.441  -0.966  -1.755   2.753  -1.136   1.674  -0.845   2.081  -0.661  -0.051  -0.541   0.067  -0.466  -0.453   1.135   0.784  -0.107   0.449  -1.269   0.631  -0.386   0.774  -0.014
185:     8.027   3.119   2.882   3.829 -10.112 -10.499   6.630   1.107  12.076   1.303   6.987  -8.091   0.543  -1.054   2.465   0.218  -0.308   0.996   0.354   0.789  -0.649  -0.430   0.593   1.938   0.474  -0.061  -0.622  -0.430  -0.532  -0.171   1.419   1.018  -0.725   0.557  -1.284   0.799  -0.758   0.673  -0.019
186:     6.627   6.802   2.417   0.862  -8.249  -6.544   8.868   3.126   9.508  -1.965   6.879  -6.246   0.480  -1.424   1.603  -0.669  -0.555   2.888   1.221   0.036  -0.889  -1.234   1.532   0.992   1.438  -0.075  -0.671  -0.912  -0.345   0.240   1.067   0.245  -0.852   0.228  -0.718   0.858  -0.894   0.360  -0.028
187:     3.934   6.453   2.573   0.212  -2.020  -3.718   2.451  -1.694   7.241   4.363  10.384  -2.878   0.414  -2.083   0.471  -0.283   0.608   3.731   0.851  -0.197   0.215  -1.768   2.168  -0.661   0.918  -0.118  -0.597  -1.089  -0.117   0.240  -0.082  -0.533  -0.116   0.348  -0.265  -0.012  -1.078   0.100  -0.028
188:     2.931   6.649   0.511   3.257   0.078  -4.702   3.685  -0.397   7.114   5.904   7.415  -2.583   0.291  -2.974  -0.949  -0.362   1.186   3.002  -0.780  -1.013  -0.428  -1.248   2.655  -1.090   0.916  -0.160  -0.137  -0.987  -0.562  -0.399  -0.854   0.359   0.085   0.332  -0.559  -0.759  -0.375  -0.202   0.013
189:    -0.541   5.553   2.418   5.671   4.380  -7.166   8.238   3.942   4.433   8.210   3.414  -5.333   0.048  -3.263  -1.705  -0.519   0.021   0.528  -1.312   0.733   0.862  -1.749  -0.030  -2.411   1.235  -0.156   0.561  -0.546  -1.308  -1.136  -1.052   1.766  -0.002  -0.056  -0.874  -1.093   0.545  -0.321   0.068
190:    -6.006   2.509   0.686   4.061   3.562  -8.722   0.910  -1.834   4.672   9.388   4.914  -0.438  -0.137  -1.519  -2.243  -3.363  -2.255   0.218   4.097  -0.003   0.445  -4.038  -1.164  -0.008   0.272   0.007   1.095   0.252  -1.203  -1.057  -0.531   2.455  -0.189  -0.069  -0.907  -0.855   1.009  -0.575   0.103
191:    -7.912  -0.002  -0.111  -0.083  -1.122  -8.266   7.505   3.337  -0.282   2.470  -0.422   2.222  -0.151  -0.006  -1.613  -5.323  -3.353  -0.136   7.245  -0.714  -0.503  -4.741  -1.386   1.521  -0.363   0.136   1.223   1.077  -0.026  -0.322  -0.036   1.272  -1.031  -0.607  -0.246   0.116   1.190  -0.540   0.087
192:    -0.981  -1.786 -15.040  -5.143   3.917  16.334   4.035   2.131 -10.717   2.956   9.294  -5.003   0.426   0.871   0.267  -3.975  -2.411   0.681   7.215  -1.236  -0.091  -4.289  -0.944   1.990  -1.160   0.207   0.927   1.356   1.785   0.442  -0.244  -1.762  -0.795  -0.880   1.136   0.428   0.251   0.168   0.019
193:    -3.084  -0.364 -16.332  -6.493   3.521  16.529   3.107  -0.558 -11.579   4.496   8.830  -4.865   0.447   1.659   2.425  -0.343  -1.508   0.114   3.488  -3.805  -1.903  -2.853   0.440   2.541  -0.751   0.181   0.889   0.740   2.314   0.751  -0.559  -3.257   0.189  -1.147   1.961   0.326  -0.380   0.687  -0.025
194:    -4.068   4.027 -11.076  -4.790   4.645  14.957  -3.072  -0.339 -11.123   3.656  10.237  -2.693   0.601   2.285   2.519   3.073  -0.968  -1.127  -2.832  -2.433  -3.253   0.696   0.065   0.736   1.308   0.081   0.696  -0.302   1.344   0.526  -0.807  -2.875   1.479  -1.375   2.118   0.269  -0.800   0.761  -0.043
195:     1.924   9.219  -3.805  -7.802  -0.914   9.860  -7.968  -4.942 -14.345   4.322  11.812  -2.689   0.668   3.733   0.959   2.724  -0.320  -2.029  -4.017   0.831  -4.659   2.569  -0.262   0.248   1.840   0.074  -0.017  -0.946  -0.067   0.459  -0.581  -0.971   2.108  -0.641   1.741   0.043  -0.972   0.364  -0.034
196:     7.940   6.018  -5.938  -9.330   0.500   5.507  -2.590 -11.941  -5.852   3.369  11.482   0.451   0.719   3.311  -0.509   1.213  -0.377  -2.284  -3.410   3.841  -5.588   3.592   0.752  -0.865   1.351   0.044  -0.914  -0.629  -0.568   0.389  -0.299   1.083   0.931   0.411   0.802  -0.137  -0.682  -0.271  -0.019
197:     9.579   3.438  -5.283  -5.826  -4.551   1.169   7.020 -18.050  -1.369   3.332   9.447   2.761   0.758   1.061  -0.791   0.254   0.489  -2.210  -1.080   3.600  -3.939   4.404   0.313  -1.517   1.046   0.028  -1.596  -0.034  -0.207   0.149   0.563   1.816  -0.919   1.578  -0.133  -0.309  -0.435  -0.276  -0.021
198:     8.661   4.373  -4.274  -7.665  -4.957   2.253   8.637 -21.727   0.350   7.913   7.095   1.339   0.775  -0.951   0.247   1.469   0.573  -2.529   1.116   0.840  -1.557   3.791  -0.906  -1.790   0.349   0.010  -1.767   0.402   0.029   0.252   1.626   1.334  -1.794   2.331  -1.184  -0.438  -0.027   0.082  -0.022
199:     6.869   6.085  -3.366  -6.191  -9.236   6.085   4.420 -19.742   4.572   3.613   6.421   2.095   0.780  -2.115   0.413   1.562  -0.049   0.909   2.798  -2.264   1.214   1.803  -0.976  -1.466   0.959  -0.012  -1.700   0.434  -0.077   0.417   2.409  -0.165  -0.955   2.364  -2.148  -0.118   0.274   0.260  -0.026
200:     4.539   5.930   0.447  -6.282  -9.805   8.629   2.908 -18.880  10.131  -1.302   4.044   2.531   0.758  -3.935   0.898   0.702   1.149   4.287   1.321  -2.199   3.488  -1.028  -0.791  -1.024   1.806  -0.045  -1.537   0.077  -0.723   0.511   2.095  -1.455   0.490   1.838  -2.196   0.317   0.426   0.108  -0.022
201:     1.063   4.726   0.166  -6.764   2.419  11.971  -1.434 -13.406   2.758   3.061   3.644   6.961   0.707  -5.947   1.051   0.252   2.284   6.427  -2.008   0.343   5.358  -3.926  -0.333  -0.532   1.618  -0.072  -0.985  -0.328  -0.868   0.291   0.202  -1.798   1.340   0.817  -1.025   0.036   0.253  -0.645  -0.009
202:    -8.108   9.544  -2.530  -1.631  10.650   5.916   0.570  -7.454  -3.885   4.232   3.366   7.934   0.586  -6.720   0.314  -1.489   1.962   5.186  -3.754   1.987   5.559  -4.327   0.355  -0.128   0.558  -0.069   0.235  -0.760  -0.492  -0.424  -1.371  -0.903   0.758  -0.370   0.318  -0.374  -0.029  -1.048   0.010
203:   -16.542   9.532  -0.620   2.904  12.670  -2.599   7.305   1.337  -8.052  -0.821   4.098   7.484   0.504  -5.647  -0.937  -1.683   0.998   1.470  -3.656   2.346   4.261  -1.671  -1.371  -0.646  -1.644  -0.044   1.430  -0.705  -0.097  -0.818  -1.903   0.409  -0.208  -1.304   1.362  -0.438  -0.146  -0.621   0.021
204:   -20.259   5.098  -6.606  -1.304  11.002  -2.857   8.476   1.544  -6.098   2.416   3.178   5.061   0.513  -2.911  -1.908  -0.792  -0.326  -0.091  -2.372   0.590   2.186  -0.564  -2.142  -1.110  -1.803  -0.008   1.989  -0.135   0.438  -0.566  -1.252   1.071  -0.589  -1.479   1.440  -0.197   0.010   0.229   0.019
205:   -21.095   2.265  -6.209  -1.938   9.590  -1.924   6.342   3.399  -4.490  -2.887   0.508   0.176   0.524  -0.701  -1.362  -0.580  -0.663  -0.450  -0.656   0.001   0.524   1.004  -1.275  -0.770  -0.305   0.003   2.149   0.548   0.644  -0.081  -0.426   0.943  -0.510  -1.224   1.105   0.671   0.170   0.665   0.012
206:   -20.384   3.635  -3.693  -0.839  11.736  -6.281   4.001   2.445  -8.485  -5.442  -0.390   2.571   0.538   0.751  -0.147   0.149  -0.035  -0.111   0.099   0.216   0.030   1.536  -0.676  -0.017   1.032  -0.000   2.101   0.527   0.661   0.411  -0.611   0.612  -0.562  -0.801   1.039   0.900   0.082   0.253   0.010
207:   -19.985   3.455  -4.976  -0.643  10.055  -4.167   9.546   3.509  -1.841  -3.265   2.030   7.205   0.509   3.270   0.925   1.067   0.449  -0.649  -0.176  -0.020  -0.783   2.803   1.249  -0.345   0.261   0.015   1.814   0.046   0.889   0.543  -1.270   0.357  -1.247  -0.409   0.567   0.381  -0.222  -0.542   0.015
208:   -17.060   3.767  -6.476  -2.125  10.213  -1.238   7.954   1.639   0.259  -0.775   2.329   6.707   0.518   5.607  -0.415   1.691   1.173  -3.047   0.449  -2.209  -1.163   3.732   1.097  -0.914  -0.820   0.038   0.981  -0.217   0.862   0.229  -1.644   0.217  -1.616   0.072   0.001  -0.278  -0.467  -0.717   0.015
209:    -6.410   6.822   0.519   0.948   7.109  -5.323   4.267  -0.114   5.152   1.026  -2.575  -0.586   0.607   5.942  -0.998   3.092   1.448  -5.334   0.956  -5.024  -0.922   2.743  -0.255  -1.431  -2.086   0.059  -0.515   0.088   0.443  -0.399  -0.886   0.036  -1.028   0.508  -0.969  -0.680  -0.140  -0.144   0.003
210:     0.865  -0.124   2.014   4.232  -2.024  -3.457  -4.406  -1.560   6.679  -2.102  -2.657   2.364   0.677   4.318  -0.272   3.447   0.613  -5.989   0.618  -5.361   0.461   1.572  -1.315  -1.807  -1.379   0.052  -1.618   1.018  -0.023  -0.961   0.971  -0.593   0.340   0.772  -1.490  -0.480   0.146   0.318  -0.013
211:     0.765   0.410   6.241   3.417 -10.497   1.723  -9.393   0.498   8.663  -3.878  -2.629  -1.055   0.724   1.340   1.294   2.402  -1.265  -3.610  -0.080  -3.583   0.947  -0.961  -0.944  -0.598  -0.180   0.023  -1.735   1.095  -0.422  -0.877   2.736  -1.006   1.635   0.487  -1.384  -0.074   0.247   0.623  -0.028
212:     0.944   5.614   7.900  -0.296 -10.927  -1.669 -12.020   3.640   6.365  -4.901  -6.680   0.046   0.722  -0.180   3.530   1.919  -2.276   0.946  -1.997  -1.229   1.760  -1.865  -0.961  -0.601  -0.183  -0.009  -1.181   0.327  -0.371  -0.052   3.288  -0.563   2.021  -0.014  -0.772   0.169   0.297   0.358  -0.037
213:     0.250  10.421   9.585  -3.112  -6.489  -6.616  -9.841   2.021   0.502  -2.292  -3.552  -0.327   0.702  -0.482   2.574   1.745  -1.495   4.880  -2.769   1.085   0.863  -2.458  -0.804  -0.800   0.430  -0.050  -0.403  -0.561  -0.162   1.156   2.110   0.242   1.718  -0.374   0.085   0.155   0.120   0.024  -0.041
214:     0.222  12.519   9.939  -3.885   0.702  -9.274 -10.326   6.476   1.435  -7.698  -5.201   1.084   0.643  -0.678   0.723   1.922   0.466   6.208  -0.850   2.412   0.434  -1.540  -0.538  -0.221   0.106  -0.098  -0.039  -1.093  -0.303   1.877   0.125   0.986   1.107  -0.821   0.398   0.419   0.328   0.169  -0.035
215:    -1.281   9.827  13.948  -2.264   8.089  -8.317  -4.816   3.396  -1.160  -6.499  -7.368   0.574   0.514  -0.428  -0.107   1.590   3.144   4.311   0.558   3.188  -0.261  -0.700  -0.381  -0.187  -0.206  -0.137  -0.089  -0.979  -0.363   1.418  -1.505   1.242   0.224  -0.751   0.567   0.504   0.724   0.488  -0.016
216:    -1.680   9.525  15.330   1.609  12.826  -5.069  -2.474   5.120  -0.502  -5.490  -5.879   0.126   0.327  -0.403  -0.595   0.484   4.787   1.857   1.268   3.254  -1.784  -0.751   0.922   0.731   0.977  -0.140  -0.526  -1.159  -0.465  -0.084  -2.065   1.059  -0.178  -0.381   0.485   0.503   0.806   0.827   0.011
217:    -0.937  11.382  14.842   9.859   9.004  -5.929   2.172   1.394  -2.032  -5.302  -4.149  -0.878   0.176  -1.063  -1.662   0.649   3.434  -0.471   2.384   1.786  -1.785  -0.019   0.987   2.346   2.436  -0.110  -1.009  -1.414  -0.777  -1.829  -1.618   0.833  -0.389   0.175   0.552   0.381   0.639   0.558   0.034
218:    -1.967   8.767  11.913  13.989   9.530  -4.131   2.451  -1.445  -1.884  -3.686  -3.154   6.697   0.114  -2.992  -4.296   0.070  -0.097  -1.728   3.530   2.222  -0.707   0.543   1.291   2.542   2.918  -0.059  -0.935  -0.977  -1.076  -2.667  -0.931   0.145  -0.273   0.798   0.521  -0.064  -0.016  -0.426   0.049
219:    -6.452   1.898  18.902   8.714   7.382   3.134   1.651  -2.246  -0.564  -2.464   3.002   9.469   0.073  -4.178  -5.328  -2.087  -3.562  -1.987   3.593   1.761   0.076   1.415   1.341   2.102   1.613  -0.007  -0.342   0.385  -1.361  -1.964  -0.073  -0.859  -0.118   0.808   0.114  -0.393  -0.855  -1.112   0.054
220:   -13.881  -7.213  13.651   1.694   4.998   8.052   8.897   3.404   1.480  -0.451   3.257   9.541   0.086  -3.520  -3.645  -3.527  -5.051  -2.038   1.388   1.904   1.276   1.136   0.425   0.772  -0.741   0.054   0.694   2.026  -0.512  -0.463   0.493  -1.542  -0.687   0.338  -0.015  -0.512  -1.263  -0.969   0.048
221:   -15.872  -7.266   3.537  -1.802   1.334   5.943   7.753  -0.652   3.359  -0.214   3.153   5.763   0.156  -2.511  -0.062  -4.358  -3.908  -0.681  -0.837   1.354   1.261   0.257  -0.545  -1.043  -1.293   0.102   1.628   2.375   0.830   0.898   0.637  -1.480  -1.096  -0.073   0.130  -0.213  -1.341  -0.261   0.035
222:   -14.859  -4.876   1.963  -6.008   2.362   1.405   8.918   4.141   1.835  -2.686   0.629   4.843   0.344  -0.356   3.200  -1.354  -2.238   0.082  -1.967  -1.009   0.391   1.046  -0.325  -2.200  -0.475   0.130   2.164   1.244   1.318   1.680  -0.150  -0.574  -1.013  -0.870   0.685   0.259  -0.852   0.147   0.013
223:   -18.517   0.418   2.957  -6.976   5.297   2.272   8.410   3.693   0.542  -4.070  -0.900   5.354   0.454   2.381   3.126   0.978  -0.478   0.138  -2.131  -2.262   0.151   2.111   0.653  -3.117   0.176   0.130   2.178  -0.314   0.885   1.515  -1.279   0.155  -0.362  -1.158   0.925   0.343  -0.209   0.052  -0.006
224:   -14.341   4.945   7.169  -6.907   3.428   0.053   3.521   3.188   8.117  -0.147  -5.716   7.369   0.585   4.854   0.981   0.397   1.635  -3.198  -0.836  -1.354  -2.517   3.635   1.122  -2.451  -0.739   0.104   1.267  -1.129  -0.306   0.872  -1.692   0.525   0.481  -0.725   0.006   0.144   0.419  -0.192  -0.019
225:    -4.227   3.455   5.825  -3.743   1.491  -4.037  -0.861   0.578  10.774   1.780  -9.259   5.381   0.684   5.773  -0.525  -0.808   1.729  -5.435  -0.626  -0.285  -3.074   3.588   0.446  -1.961  -0.903   0.086  -0.142  -0.774  -0.667   0.021  -1.049   0.433   0.640   0.286  -1.017   0.057   0.647  -0.074  -0.024
226:     2.264  -1.492   2.513   0.551 -11.726   0.380   6.784  -6.888  14.896  -0.003  -7.447   1.134   0.748   4.284  -0.621  -1.993   1.018  -5.591  -0.095   0.409  -1.622   0.339   0.501  -0.681  -0.895   0.058  -1.239  -0.016  -0.163  -0.509   0.698  -0.278   0.042   1.582  -1.722   0.087   0.579   0.304  -0.024
227:     2.046   1.014   1.243  -2.058 -14.299  -1.020   5.353  -6.638  15.091  -1.914  -9.841   3.959   0.801   1.957   0.058  -1.164  -0.063  -3.911  -0.339   0.054   1.133  -1.326   1.250  -0.767  -0.118   0.032  -1.450   0.218   0.326  -0.097   1.754  -0.733  -0.246   1.672  -1.474   0.038   0.683   0.253  -0.023
228:     3.944   3.060  -0.503  -2.659 -16.634  -1.933   2.462  -1.316   7.653   4.202  -8.831   3.607   0.815   0.566   0.607  -0.243  -0.013  -0.472  -2.368  -1.313   3.291  -2.517   1.155  -0.151   0.387   0.012  -0.972   0.138   0.583   0.425   1.836  -0.878  -0.147   0.758  -0.617  -0.470   0.658   0.212  -0.020
229:     4.717   1.467   1.513  -2.454 -15.611  -4.574   1.569   3.455   7.765   5.927 -12.404   3.554   0.811   0.381  -0.047  -0.051   1.759   0.774  -3.156  -0.655   2.830  -2.356   0.308   1.187  -0.278  -0.007  -0.453   0.096   0.501   0.756   1.211  -0.595   0.127  -0.286  -0.302  -0.808   0.726  -0.146  -0.017
230:     3.758   1.318   1.164   0.685 -13.432  -9.684   2.109   4.523   5.972   1.851  -6.919   3.271   0.802   0.210   0.121   0.367   2.230   1.244  -3.077   0.027   1.318  -2.231  -1.379   1.630   0.247  -0.021  -0.272   0.086   0.374   0.521   0.753   0.189   0.243  -0.605  -0.126  -0.620   0.163  -0.265  -0.018
231:     4.046   1.648   0.154   5.068 -12.030 -12.923   2.254   4.594   4.150   0.800  -4.863   2.737   0.775  -0.132   0.782   1.037   2.594   1.285  -2.957   0.018   0.690  -2.979  -1.522   1.971  -0.777  -0.037  -0.271  -0.038   0.336  -0.011   0.967   0.727   0.042  -0.197   0.074  -0.243  -0.476  -0.152  -0.024
232:     5.330   3.575   2.013   4.729 -12.203 -13.145   2.255   4.705  -1.692  -0.127  -4.454   5.253   0.728  -0.536   0.623   1.082   2.175   3.040  -1.521  -0.436   1.336  -2.835  -1.032   0.274  -0.689  -0.062  -0.292  -0.145   0.280  -0.063   1.038   1.006  -0.049  -0.125   0.553   0.149  -0.494   0.119  -0.031
233:     3.271   4.248   6.272   8.495  -9.799 -17.629   1.586   6.813  -3.298  -0.696  -3.781  -1.323   0.662  -0.599  -0.487   1.273   1.730   4.709  -0.301  -0.213   1.837  -1.687  -1.079  -0.515  -0.568  -0.105  -0.230  -0.041   0.067  -0.347   0.594   1.331   0.047  -0.708   1.038   0.355   0.047   0.854  -0.034
234:     1.465   3.135   3.513   9.845   0.651 -14.935   0.264  10.096  -4.478  -2.563  -6.092   1.854   0.546  -1.017   0.032   1.648   2.349   4.723   0.624  -0.103   0.119  -0.112  -0.857   0.402   0.736  -0.145  -0.222   0.171  -0.104  -0.605  -0.593   1.186   0.340  -1.214   1.145   0.783   0.733   0.801  -0.024
235:     2.981  -0.567   5.769  11.161   5.089 -13.535   2.185  11.084  -2.890  -3.376  -6.617   1.598   0.343  -1.041   0.874   1.088   0.770   3.414   2.624   0.086  -2.242   0.848   0.165   2.142   2.781  -0.165  -0.378   0.162  -0.595  -1.049  -1.374   0.892   0.750  -0.984   0.924   0.951   0.539   0.281  -0.004
236:     0.389   6.140  10.502  15.143   3.967 -12.070   1.440   3.163  -2.457  -3.071  -1.026   7.473   0.163  -1.426   0.797   0.652  -0.371   0.724   2.948   1.115  -2.696   1.623   2.263   2.611   1.643  -0.152  -0.138  -0.897  -1.377  -1.343  -1.396   0.472   0.625   0.496   0.011   0.598  -0.337  -0.789   0.043
237:    -1.396   7.114   8.219   9.697   5.613  -5.941   1.430  -0.932  -0.067   0.382   4.398   9.774   0.027  -2.285  -0.058  -1.205  -2.155  -0.162   2.996   2.927  -1.674   2.064   2.116   1.074   0.385  -0.121   0.049  -1.566  -1.554  -0.809  -0.937  -0.267  -0.029   1.837  -1.063  -0.063  -1.079  -1.386   0.083
238:    -3.474   3.279   5.549   8.725   4.010  -3.992   6.217   2.625   2.225   6.871   1.455   5.983  -0.055  -1.087  -3.988  -4.090  -2.901  -0.467   2.800   1.602   2.315  -0.663   1.159  -0.748  -2.010   0.046   0.287  -1.233  -0.994  -0.159  -0.251  -0.640  -1.043   1.975  -1.818  -0.596  -0.873  -0.839   0.096
239:    -6.511   0.573   2.223   3.596   4.257  -2.593  14.432   2.981   5.091   2.233  -2.489   4.269  -0.151  -0.964  -4.566  -4.311  -2.010  -0.674   1.361  -0.301   4.439  -3.326   0.401  -1.575  -2.321   0.150   0.703   0.077   0.417   0.618  -0.169  -1.104  -1.759   1.055  -1.324  -0.310  -0.224  -0.089   0.071
240:    -2.490 -10.530  -6.952   3.688   2.307   0.254   2.951  12.782  -8.352   1.799  -1.322   0.178   0.481  -0.653  -3.117  -2.762  -1.237  -0.273   0.566  -2.484   4.123  -4.770   0.141  -0.428  -1.201   0.191   0.930   1.663   1.492   0.932  -0.534  -0.948  -0.746  -1.069   0.812  -0.100   0.097   0.505   0.001
241:    -6.708  -8.809  -7.085   2.166   3.095  -1.259   1.560  16.186 -11.409   4.923  -2.089   1.074   0.511   1.013  -0.109   0.217   0.105  -1.103  -1.406  -3.826   2.696  -2.503   1.074  -0.205  -0.462   0.161   1.380   1.542   1.135   0.859  -1.054  -0.033   0.561  -2.400   2.355  -0.146   0.078   0.164  -0.035
242:    -6.640  -7.613  -3.609   3.255   3.228  -1.829   0.234  16.635 -13.376   6.232  -0.887   1.577   0.568   2.572   2.098   1.105   0.700  -2.921  -0.559  -0.367  -2.157   2.987   0.322  -0.947  -0.412   0.046   1.145   0.615   0.007   0.400  -0.988   0.823   1.536  -2.385   2.335  -0.109  -0.066  -0.409  -0.042
243:     0.630  -1.428   1.634   4.339  -1.716  -8.582  -3.343  14.535  -4.911   5.388  -3.731   1.259   0.612   4.321   0.538  -0.570   1.318  -4.618   1.757   1.448  -4.422   4.573  -0.420  -0.928  -1.894   0.047   0.037  -0.514  -0.951  -0.132  -0.087   1.540   1.624  -1.335   0.728   0.013   0.294  -0.418  -0.028
244:     6.703  -3.730  -5.786   6.104  -9.893   1.119   3.566   2.820   3.331   3.179  -5.235  -1.974   0.661   3.417  -0.363  -2.336   0.156  -3.452   3.099   2.561  -4.242   3.368   0.341  -0.396  -2.530   0.039  -0.969  -0.694  -0.624  -0.340   0.953   1.023   0.431   0.408  -1.000   0.441   0.600   0.248  -0.012
245:     8.225  -8.059  -8.849   7.333 -13.437   6.051   7.133   0.985   3.103   4.348  -4.556  -6.621   0.701   0.776  -1.447  -2.818  -0.284  -1.273   4.467   2.828  -2.938   0.945   1.128   0.990  -1.491   0.023  -1.507   0.234   0.395  -0.395   1.775  -0.108  -0.443   1.244  -1.232   0.364   0.180   0.952  -0.019
246:     6.646  -6.113 -10.049   2.540  -8.172   6.349   7.800   2.201  -0.545   8.459  -2.454  -7.131   0.718  -0.502  -0.378  -0.892  -0.200   0.170   3.200   1.098  -0.861  -0.199   1.754   1.095   0.626  -0.000  -1.467   0.851   1.271  -0.109   1.910  -0.900  -0.725   1.486  -1.071  -0.414  -0.514   1.064  -0.024
247:     4.540  -7.471 -10.322   4.698  -8.943  11.137   8.679   0.153   1.755   8.388  -0.174  -3.617   0.701  -1.256   1.716   0.683  -0.480   2.447   1.165  -0.036   0.107   0.196   0.692  -0.772   1.287  -0.026  -1.312   1.032   1.335  -0.081   1.719  -1.498  -0.758   1.262  -0.985  -1.103  -0.738   0.685  -0.027
248:     6.038  -5.913  -9.512   6.420 -11.288  14.576   8.285  -1.068   3.013   9.928  -1.952  -0.346   0.659  -2.903   2.309   2.266  -0.290   4.236   0.251   0.368   1.666  -1.613  -1.513  -2.087   1.401  -0.055  -1.361   0.430   0.547  -0.078   0.989  -1.320  -0.361   0.847  -0.793  -1.433  -0.155   0.112  -0.023
249:     2.248   0.422  -5.702   2.993   0.355   7.764   6.712   3.153   2.305   7.072  -8.666  -3.580   0.598  -4.583   2.369   2.278  -0.644   5.290  -1.548  -0.597   2.107  -3.275  -2.754  -1.109   1.547  -0.085  -0.886  -0.489  -0.416   0.173  -0.574  -0.693  -0.032   0.230  -0.335  -0.958   0.867  -0.111  -0.011
250:    -6.722   1.484  -1.028   1.943   8.359   9.289  10.621   9.030  -8.885   1.553  -8.643  -0.143   0.495  -5.642   1.448   1.044  -0.509   3.691  -2.043  -0.427   2.371  -2.430  -3.690   0.487   1.058  -0.087   0.149  -0.834  -1.004   0.438  -1.662  -0.429   0.090  -0.475   0.723   0.085   1.114  -0.313   0.005
251:   -11.995   0.674  -3.173   3.717   7.684   6.039   4.523   5.639  -8.669  -1.196  -2.375   4.015   0.358  -4.315  -0.297  -0.784   0.496  -0.152  -1.153   0.204   0.904  -1.072  -3.007   2.275   0.903  -0.067   1.064  -0.734  -0.808   0.415  -1.669   0.066   0.485  -0.707   1.114   0.761   0.379  -0.505   0.020
252:   -15.052   1.199  -5.558   3.514   3.504   5.224   7.244   9.546  -3.651  -4.391  -2.660   1.148   0.345  -2.292  -0.531  -1.222   1.329  -1.353  -2.093   0.418  -0.107   0.901  -0.964   1.790   0.161  -0.037   1.500  -0.311  -0.264  -0.031  -0.866   0.191   0.163  -0.770   0.888   1.174  -0.384  -0.338   0.021
253:   -15.162  -0.919  -7.358   4.684   2.022   4.033   9.418   7.414  -5.674  -4.992  -0.280   0.289   0.339  -0.936  -0.312  -0.630   0.514  -0.534  -1.193   1.405  -0.187   0.629  -0.315   0.136  -0.531  -0.011   1.383   0.172   0.286  -0.602   0.125   0.148  -0.383  -0.472   0.615   0.988  -0.963  -0.075   0.019
254:   -16.596  -0.373  -5.048   8.104   4.426  -0.173  10.262   7.609  -5.878  -1.368  -0.741   2.524   0.322   0.170  -0.100  -0.353  -0.674  -0.445  -1.067  -0.214  -0.931   1.158   0.834  -0.364   0.084  -0.010   1.450   0.072   0.351  -0.810   0.125   0.364  -0.681  -0.481   0.336   0.870  -0.592   0.079   0.021
255:   -15.905  -0.101  -6.578   3.990   4.554   2.774  10.039   5.673  -4.410  -4.281  -2.656   0.674   0.315   1.369   0.349   0.209  -1.515   0.019  -0.928  -1.395  -1.043   1.875   1.036  -1.462   0.568   0.014   1.632  -0.270   0.471  -0.079  -0.539   0.421  -0.736  -0.680   0.369   1.053   0.071  -0.127   0.025
256:   -13.832   0.290  -7.713   0.490   0.011   0.520   5.863   5.761   1.506  -0.574  -3.293   1.376   0.310   3.805  -0.501   0.113  -1.709  -1.003  -0.406  -1.588  -2.083   1.957   2.712  -0.373   0.004   0.056   1.313  -0.303   0.592   0.845  -1.087   0.663  -0.261  -0.815   0.358   0.816   0.384  -0.828   0.025
257:    -9.699   0.496  -4.979   0.917   4.322  -0.954   4.643   3.124   0.010  -0.210  -6.314   3.705   0.416   5.408  -1.464   1.494   0.634  -2.952   0.581  -1.587  -3.009   2.075   4.013   0.495  -1.127   0.081   0.343  -0.062   0.401   1.287  -1.222   0.453  -0.132  -0.385   0.636   0.036   0.532  -1.251   0.010
258:    -0.675  -3.176  -5.282   1.098  -0.474  -0.338   5.020  -1.533   1.697  10.156  -0.777   1.030   0.552   4.714  -0.710   1.966   2.478  -4.396   1.492  -1.424  -4.022   2.849   3.424   0.577  -3.206   0.083  -1.076   0.441   0.127   0.993  -0.330  -0.201  -0.184   0.698   0.786  -1.478   0.178  -0.861  -0.011
259:     4.556  -5.686  -0.324   6.857  -9.964   6.106   2.524  -5.724   5.870  10.420  -1.442  -4.787   0.599   2.629   0.143   1.285   2.829  -4.395   0.386  -2.138  -2.000   4.611   0.859   0.721  -4.081   0.049  -1.802   0.620  -0.463  -0.085   0.854  -0.913   0.136   1.646   0.316  -2.183   0.005   0.177  -0.022
260:     2.612  -0.172  -0.210   9.912 -14.826   4.451  -0.196  -9.924  12.819  11.233  -2.845 -10.409   0.631  -0.187   0.901   0.850   2.158  -1.931  -1.312  -2.234   0.901   4.621  -3.100   0.405  -2.822   0.016  -1.514   0.073  -0.497  -1.032   1.485  -0.828   0.763   1.913  -0.970  -1.534  -0.009   1.259  -0.022
261:     1.805  -0.292  -1.089  10.654 -10.479  -1.418  -3.438  -2.680  17.504   3.544  -1.674 -10.978   0.621  -1.152   0.833  -0.266   0.368   0.085  -2.583  -0.504   2.759   2.768  -3.639   0.605  -0.435   0.003  -0.837  -0.396  -0.111  -1.309   1.298   0.041   1.301   0.991  -2.360   0.200  -0.144   1.399  -0.013
262:    -0.233  -1.368  -0.648   9.988  -9.873  -3.137  -3.169   1.453  18.984  -1.906   1.364  -9.986   0.621  -0.966  -0.692   0.256  -1.451   0.791  -1.161   1.572   3.161  -1.080  -1.997   0.588   1.264  -0.005  -0.169  -0.618   0.239  -0.953   0.676   0.791   1.050   0.080  -2.763   1.640  -0.300   0.659  -0.006
263:     0.219  -0.923  -1.434   8.658 -12.017  -3.015   1.489   2.385  16.628  -1.208  -0.523  -7.173   0.619  -1.167  -1.042   1.029  -1.914   0.735   0.516   2.464   1.824  -4.340   1.307  -0.090   0.872  -0.006   0.095  -0.530   0.426  -0.226   0.278   0.870   0.047  -0.250  -1.857   1.459  -0.290  -0.307  -0.004
264:    -1.427  -3.314   1.242   3.654 -10.101  -0.555   5.202   3.351   7.858   3.622  -0.482  -5.990   0.609  -1.024  -1.251   1.400  -1.465   1.126   1.095   1.533   1.769  -5.641   2.624  -0.747  -0.181  -0.010   0.328  -0.057  -0.015   0.496  -0.046   0.211  -0.811  -0.134  -0.185   0.316   0.111  -0.825  -0.003
265:    -3.431  -4.528   3.111   4.251  -6.690  -0.130   4.695   5.490   1.369   7.316  -1.203  -8.614   0.597  -0.650  -1.536   1.293  -0.757   1.309   0.640  -0.249   2.205  -4.237   1.344  -0.179  -1.249  -0.013   0.683   0.226  -0.464   0.684  -0.329  -0.227  -0.969  -0.144   0.933  -0.681   0.952  -0.595  -0.005
266:    -3.526  -5.819   4.081   4.864  -6.905   0.894   2.894   8.745  -1.594   6.955  -2.031 -10.169   0.581   0.415  -0.732   0.046   0.451   0.276  -0.168  -1.128   2.303  -2.056  -0.435   1.185  -1.798  -0.017   0.763   0.535  -0.547   0.492  -0.398  -0.052  -0.465  -0.804   0.956  -0.727   1.458   0.283  -0.010
267:    -1.979  -7.352   3.613   4.266  -7.070  -0.539   1.396  10.712   0.167   3.848  -0.644 -11.326   0.570   1.528  -0.172  -0.615   0.549  -0.483   0.013  -1.051   0.836  -1.469  -0.569   3.702  -1.294  -0.029   0.253   0.805  -0.010  -0.354   0.189   0.210   0.274  -0.804   0.357  -0.083   0.568   1.270  -0.022
268:    -0.077  -5.560   1.223   5.901  -8.533  -1.188   1.213  12.253  -1.819   3.182   5.162 -13.626   0.539   1.702   0.744  -0.380   0.341   0.030   1.150  -0.391  -1.568  -2.244  -0.054   4.603   1.257  -0.054  -0.565   0.621   0.558  -1.201   0.818   0.003   0.589  -0.144   0.187   0.195  -0.779   1.818  -0.028
269:     2.483  -5.515   1.463   6.480  -8.292   0.977   0.281   7.917  -5.864   6.357  13.711 -13.358   0.472  -0.030   1.750   1.454  -2.473   2.379   1.032   0.754   0.119  -2.359   0.740   0.951   3.572  -0.103  -1.303   0.202   0.287  -0.863   1.031  -0.484   0.638   0.406   0.673  -0.331  -1.956   1.310  -0.023
270:     2.752  -3.016   3.256   5.461  -6.144   5.888   1.496   2.301  -9.798   5.429  13.805  -2.870   0.357  -1.632   1.411   1.800  -4.042   2.935  -0.664   0.913   1.944  -0.675  -0.116  -1.337   4.859  -0.122  -1.383  -0.384  -0.539   0.214   0.566  -0.817   0.462   0.494   1.208  -0.865  -1.845  -0.340  -0.010
271:    -3.544   0.128   9.867  -7.879   3.631   1.084   5.024  16.280  -7.636   6.424  -0.211   1.156   0.145  -3.322   0.508  -0.269  -1.576   3.219  -1.501   1.486   1.111   1.112  -2.193  -3.110   3.454  -0.111  -0.696  -0.739  -1.363   1.615  -0.528  -0.256   0.309  -0.510   1.009  -1.039  -0.344  -1.684   0.009
272:    -5.223  -1.327   6.020  -7.129   0.182  -4.559   3.409  17.790  -4.308   2.570   5.437   3.411   0.093  -3.568  -0.553  -2.215   0.962   2.439  -1.666   1.552   0.407   2.060  -2.911  -2.593  -0.386  -0.098  -0.018  -0.438  -1.049   1.500  -1.036   0.582   0.401  -0.642   0.443  -0.228   0.746  -1.580   0.018
273:   -10.140  -3.822  -1.263   4.897   4.641  -1.304   6.753   5.725  -3.050  -3.178   2.342   0.773   0.048  -2.543  -0.963  -3.354   3.098  -0.015   0.251   1.981  -1.663   1.317  -3.059  -0.143  -2.225  -0.067   0.604   0.085   0.030   0.204  -1.172   0.683   0.101   0.104  -0.103   0.722   1.401  -0.401   0.021
274:   -11.789  -3.807  -2.254   3.882   5.548  -1.249   8.390   9.615  -1.791  -4.325  -0.435  -4.607  -0.086  -2.112  -0.042  -1.904   1.123  -0.628   1.370   2.673   0.123   1.437  -0.823   0.909  -0.200  -0.053   0.763   0.450   0.892  -0.610  -0.799   0.380  -0.258   0.280  -0.470   0.744   0.921   0.798   0.023
275:   -12.975  -3.448  -2.767   2.106   0.873   0.684  12.436  12.052  -2.311  -5.424   2.010  -5.959  -0.101  -1.028   0.676  -0.272  -0.634  -1.106   0.397   1.428   1.773   0.908   0.375   2.143   1.355  -0.031   0.635   0.433   1.183  -0.707  -0.157  -0.240  -0.871   0.079  -0.471   0.394  -0.174   0.699   0.019
276:   -14.368  -1.726  -2.748  -0.117  -1.075   1.298  13.934  15.241   2.509  -0.423  10.147   5.779  -0.097  -0.509   0.876   0.703  -0.223  -1.008   0.163   0.536   0.090  -0.088  -0.908   0.870   1.813  -0.001   0.534   0.059   0.632  -0.027   0.227  -0.317  -0.930  -0.423  -0.507  -0.276  -0.869  -0.393   0.015
277:   -13.989  -1.486  -2.377   3.726   2.421  -0.592  11.123  11.778  -0.659  -3.256   7.768   2.353  -0.101  -0.172   0.740   1.257   0.236  -0.610  -0.347  -1.305  -1.252  -0.277  -1.045  -0.992   0.262   0.002   0.293  -0.162   0.001   0.202   0.271   0.030  -0.245  -0.334  -0.350  -0.445  -0.898  -0.629   0.008
278:   -13.825  -0.408   1.065   1.959  -0.268   0.205  11.727  10.201  -3.056  -9.951   1.034   0.303  -0.094   0.130   0.219   0.489   0.553   0.261   0.156  -0.609  -0.479  -0.503  -1.494  -1.870  -1.620   0.004   0.147  -0.184  -0.417   0.027   0.334   0.118   0.125   0.123  -0.150   0.090  -0.145  -0.147   0.002
279:   -14.105  -0.405   1.613   2.250  -2.578  -0.506   7.016   8.314  -0.915  -5.884   1.605  -1.910  -0.091   0.120   0.196  -0.163  -0.010  -0.387   0.553   0.776   0.389  -0.635  -1.556  -0.978  -0.073   0.006   0.015  -0.083  -0.418  -0.201   0.188   0.112   0.377   0.182  -0.149   0.388   0.325   0.445   0.000
280:   -13.658  -1.171  -2.296   3.384   2.728   2.038  12.942  14.579   0.121  -6.579   3.879  -0.189  -0.083   0.083   0.226  -0.673   0.036   0.548   0.301   0.122  -0.116  -0.657  -0.204   0.139   1.246   0.006  -0.150   0.031   0.085  -0.319  -0.181   0.052  -0.183  -0.113   0.173   0.771   0.177   0.330  -0.002
281:   -13.474  -0.125  -1.509   2.965  -1.011   1.257  14.398  11.535  -5.421 -12.722   1.456   2.235  -0.073  -0.071   0.320  -0.251  -0.511   0.185   0.142   0.216  -0.525  -0.944   0.250  -0.372   1.053   0.003  -0.214  -0.121   0.384  -0.165  -0.066   0.220  -0.392   0.094   0.476   0.757   0.053  -0.319  -0.004
282:   -13.725   0.584  -0.742   1.780   1.688   0.829   8.646   8.010  -4.090  -7.551   1.801   4.462  -0.073  -0.522   0.311   0.957  -0.793  -0.931   0.624  -1.243  -0.586   0.516   1.456  -1.290  -0.533  -0.003  -0.157  -0.256   0.422   0.110  -0.102   0.337   0.018   0.306   0.092  -0.053   0.098  -0.649  -0.005
283:   -14.428   0.318  -0.419   0.497  -1.133   0.808  10.245   8.976  -3.532  -4.148   0.785   1.030  -0.080  -0.649  -0.451   0.941  -0.420   0.025   1.494  -0.501   1.093   1.160   1.399  -0.001  -0.778  -0.009   0.120  -0.223  -0.037   0.314   0.181   0.247   0.478   0.194  -0.302  -0.340   0.667  -0.129  -0.001
284:   -15.790   0.162   1.945   0.653  -1.867   5.380   8.803  12.930   1.758  -3.588  -2.236  -2.251  -0.094  -0.415  -0.666   0.842   0.540   0.119   1.312   0.570   0.606  -1.248  -1.046   0.441  -1.081  -0.011   0.505   0.056  -0.521   0.191   0.377  -0.180   0.821  -0.357  -0.765  -0.374   0.956   0.553   0.005
285:   -15.688  -2.171   1.853   1.429   0.890   6.449  11.816  14.542  -2.547  -7.707   3.469   1.701  -0.109   0.475  -0.309  -0.376   0.391   0.565   1.035   1.698  -0.153  -1.571  -0.198   2.097   0.681   0.001   0.364   0.193  -0.323  -0.027   0.051  -0.631   0.149  -1.051  -0.247   0.133   0.161   0.389   0.011
286:   -15.170  -1.499   2.330   4.014   1.271   4.570  10.712   8.258 -10.824 -11.001   2.664  -1.279  -0.113   1.442   0.518  -0.989  -0.245   0.684  -0.049   1.763  -1.747  -1.942   0.384   2.442   1.503   0.015  -0.134  -0.094   0.146  -0.278  -0.189  -0.553  -0.492  -0.931   0.651   0.603  -0.666  -0.125   0.014
287:   -12.364  -0.397  -2.490   0.771   0.122   6.386  17.779  10.547  -5.096  -1.430   8.820   3.948  -0.064   0.244  -0.079   0.242  -0.162  -0.000  -0.982  -0.351  -2.983   0.271   1.348  -0.198  -0.125   0.033  -0.622  -0.341   0.964   0.207  -0.234  -0.252  -0.717  -0.453   0.690   0.149  -1.034  -0.688   0.013
288:   -10.243   1.863  -0.829  -0.245   1.937   5.169  14.638   6.193  -6.679  -4.806   7.301   4.138  -0.040  -0.972  -1.251   1.264  -0.573  -0.546  -0.443  -0.868  -2.635   1.085   1.197  -1.741  -1.301   0.042  -0.549  -0.206   1.025   0.607  -0.006   0.065  -0.169   0.421   0.461   0.118  -0.220  -0.511   0.011
289:   -16.929  -4.249   4.641   2.748   0.556   1.239   8.098   0.657  -3.266  -4.066   0.159  -1.633   0.017  -1.429  -1.127   3.319   1.588   0.011  -0.029  -0.571  -1.975   0.363   0.142  -0.983  -1.359   0.053   0.261   0.514   0.280   0.417   0.525   0.441   0.642   1.132   0.118   0.132   0.985   0.324   0.008
290:   -17.746  -5.831   5.086   0.160  -1.675   4.928  11.214   0.027  -6.315  -3.696  -1.713  -4.995   0.058  -0.466   0.012   2.598   1.916   0.650  -0.199   1.030  -0.147   0.315   1.578   1.732  -0.437   0.062   0.831   1.038  -0.296   0.305   0.948   0.555   0.626   1.344   0.229   0.238   0.737   0.642   0.007
291:   -15.757  -2.186  11.148   8.506   1.985   6.364  16.636   3.756  -3.462  -1.274   8.413   1.718   0.152   1.295   1.861   0.972   0.677   2.028   1.101   1.912   1.433   1.247   1.816   2.987   1.063   0.061   0.934   0.987  -0.704  -0.176   0.740   0.471  -0.000   1.105   0.180  -0.161  -0.550   0.312   0.007
292:   -13.162   0.893   8.907   6.455   4.472   1.612  15.521   3.907  -5.004   1.690  11.836   0.277   0.204   1.821   2.446   0.957   1.409   3.185   1.768   1.021   2.381   1.786   1.549  -0.041   0.696   0.075   0.601   0.526  -0.317   0.023   0.207   0.334  -0.683   0.408  -0.280  -0.982  -1.477  -0.147   0.006
293:   -12.747   1.695   7.592   2.984   7.620   8.403  15.504   5.882   2.312   2.322   8.322   1.046   0.247   2.095   2.589   0.618   0.961   2.446   1.341  -0.566   2.286   0.528  -0.648  -2.847  -0.367   0.084   0.153  -0.020  -0.100   0.140  -0.612  -0.448  -0.947  -0.297  -0.946  -1.252  -1.154  -0.399  -0.000
294:   -10.145   4.460  11.650   9.965  11.431  12.749  16.886  10.867  -0.272   2.251  -1.872  -1.178   0.387   2.136   2.277   1.188   1.886   1.477   1.351  -1.146   1.468  -0.726  -2.098  -2.735  -0.456   0.080  -0.093  -0.380  -0.314  -0.469  -1.408  -1.089  -0.738  -0.796  -0.915  -0.853   0.375   0.069  -0.012
295:    -6.788   8.977  12.865  11.556  10.735   7.501  13.122  11.709  -3.188  -4.793   1.031   0.609   0.479   1.902   1.847   0.356   1.139  -0.177  -0.932  -1.741   0.403  -2.228  -2.620  -1.438  -0.357   0.057  -0.279  -0.555  -0.303  -0.758  -1.350  -0.976  -0.114  -0.601  -0.414   0.204   1.295   0.394  -0.019
296:    -5.461   8.636  12.212  11.602  10.302   8.821  10.980   8.336  -5.882  -5.243   1.805  -1.783   0.488   1.455   0.917  -0.480  -1.025  -2.543  -2.541  -2.080  -0.657  -1.412  -1.732   1.129   1.036   0.029  -0.377  -0.514  -0.208  -0.707  -0.740  -0.629   0.338   0.098   0.176   0.842   1.186   0.403  -0.016
297:    -5.582   8.840   9.090   7.862   7.300   5.707   9.752   9.165  -6.021  -7.033  -0.704  -0.436   0.483   1.043   0.496  -0.065  -1.372  -2.293  -1.594  -0.672   0.346  -1.198   0.190   1.694   0.855   0.016  -0.369  -0.344   0.149  -0.054   0.200   0.323   0.659   0.452   0.643   0.953   0.554   0.001  -0.009
298:    -3.475   9.114  11.139   6.686   0.433   0.941   8.171   8.855  -5.917  -5.288   4.643   4.526   0.531   0.682   0.381   0.358  -0.392  -1.163  -1.465   0.007   1.990  -0.359   0.704   1.629   0.955   0.021  -0.346  -0.128   0.292   0.572   0.879   0.642   0.604   0.509   0.647   0.370  -0.506  -0.771  -0.005
299:    -2.565  11.219  13.078   7.154   4.205   3.472  11.169  13.178  -9.159  -3.819   8.082   1.727   0.538   0.444   0.393   0.681   0.550   0.132   0.143   0.513   1.343   0.460   0.925   1.085  -0.310   0.017  -0.285  -0.029   0.138   0.604   0.597   0.059  -0.178  -0.208   0.591  -0.397  -1.069  -0.765  -0.005
300:    -3.559   9.350  12.007   9.996   6.035   2.615  10.307  16.278  -6.107  -3.329   5.556   1.912   0.565   0.024   0.327   0.608   0.875   0.637  -0.202   0.349   1.391   0.996  -0.251  -1.098  -2.236   0.005  -0.167   0.060   0.026   0.183   0.159  -0.114  -0.407  -0.809   0.017  -0.540  -0.792  -0.301  -0.008
301:    -3.320  10.687  12.061   8.957   5.160   5.584  11.248  12.166  -3.625  -3.386   4.262  -0.677   0.550  -0.055   0.379   0.499   1.014  -0.210  -1.929  -1.731  -0.395   1.080  -1.317  -2.286  -1.374  -0.002  -0.079   0.029  -0.085  -0.138  -0.058  -0.156  -0.272  -0.690  -0.532  -0.279  -0.063   0.552  -0.007
302:    -2.978  11.015  14.686  10.157   3.143  -1.123   9.878  16.313  -3.703  -6.762   1.064  -5.451   0.551   0.097   0.687   0.581   0.291  -0.195  -1.001  -0.903  -1.188  -0.582  -0.874  -0.645  -0.019  -0.012  -0.007  -0.034  -0.187  -0.319   0.022   0.494   0.234  -0.547  -0.702   0.307   0.783   1.099  -0.004
303:    -3.132  12.282  14.235  12.144   4.599  -4.305   2.728  11.188  -4.958  -8.689  -1.100  -1.463   0.536   0.011   0.358   0.267   0.151   0.256  -0.237  -0.223  -0.816  -1.410  -0.161   0.545   1.343  -0.011  -0.011  -0.095  -0.222  -0.318   0.216   0.913   0.666  -0.142  -0.539   0.563   0.942   0.847  -0.001
304:    -3.169  11.989  13.826   9.859   5.342   2.557  10.049  10.829  -8.353  -5.048   5.013   2.208   0.513  -0.042   0.166  -0.213  -0.288   0.514   1.422   0.766  -1.133  -1.269   0.707   1.401   1.899  -0.010  -0.033  -0.124  -0.207  -0.160   0.168   0.651   0.433  -0.021  -0.123   0.403   0.495   0.439   0.001
------------------------------------------------------------------------------------------------------------------------------------------------------------- END --------------------------------------------------------------------------------------------------------------------------------------------------------------
